,Time,Event,X-coord,Y-coord,down-contact-minor,down-contact-major,up-contact-minor,up-contact-major,average-move-contact-minor,average-move-contact-major,move-time
0,5.0, Touch,936.9689999999999,278.9978,,,46.5271,46.5271,,,
1,1718.0, Touch,1142.9260000000002,325.9973,46.577453999999996,46.577453999999996,46.577453999999996,46.577453999999996,,,222.0
2,1844.0, Drop,1.0,,,,,,,,
3,4257.0, Drop,2.0,,,,,,,,
4,4353.0, Touch,1420.9003,721.9995,46.627808,46.627808,46.627808,46.627808,46.62780800000003,46.62780800000003,1613.0
5,5285.0, Touch,1609.92,705.98145,46.67816,46.67816,46.67816,46.67816,,,5.0
6,5927.0, Drop,3.0,,,,,,,,
7,6357.0, Drop,4.0,,,,,,,,
8,6495.0, Touch,1037.915,84.01245,46.728516,46.728516,46.728516,46.728516,,,6.0
9,7362.0, Fight,10.0,,,,,,,,
10,7776.0, Touch,2042.904,839.0039,46.77887,46.77887,46.77887,46.77887,,,6.0
11,10221.0, Fight,20.0,,,,,,,,
12,10934.0, Drop,5.0,,,,,,,,
13,11769.0, Fight,30.0,,,,,,,,
14,11945.0, Fight,40.0,,,,,,,,
15,12222.0, Touch,1244.7965,792.99316,46.829223999999996,46.829223999999996,46.829223999999996,46.829223999999996,46.829224000000046,46.829224000000046,3252.0
16,13300.0, Touch,768.9514,724.9988,46.879578,46.879578,46.879578,46.879578,,,5.0
17,14411.0, Touch,256.97205,654.0051,46.92993,46.92993,46.92993,46.92993,,,5.0
18,15166.0, Touch,259.953,308.0017,46.980286,46.980286,46.980286,46.980286,,,11.0
19,15200.0, Fight,50.0,,,,,,,,
20,22326.0, Touch,466.92627000000005,174.02344,47.030640000000005,47.030640000000005,47.030640000000005,47.030640000000005,,,29.0
21,22399.0, Drop,6.0,,,,,,,,
22,22882.0, Drop,7.0,,,,,,,,
23,23011.0, Touch,466.92627000000005,174.02344,47.080994,47.080994,47.080994,47.080994,,,9.0
24,23719.0, Touch,791.91833,749.9817,47.131347999999996,47.131347999999996,47.131347999999996,47.131347999999996,,,6.0
25,24839.0, Touch,1475.9125,642.9968,47.1817,47.1817,47.1817,47.1817,,,5.0
26,25638.0, Touch,1567.9156,634.9878,47.232056,47.232056,47.232056,47.232056,,,7.0
27,25798.0, Touch,1567.9156,634.9878,47.28241,47.28241,47.28241,47.28241,,,6.0
28,26430.0, Touch,1447.9321,780.0073,47.332764000000005,47.332764000000005,47.332764000000005,47.332764000000005,,,6.0
29,26504.0, Fight,60.0,,,,,,,,
30,27135.0, Touch,1135.9479,951.9873,47.383117999999996,47.383117999999996,47.383117999999996,47.383117999999996,,,6.0
31,27169.0, Fight,70.0,,,,,,,,
32,27273.0, Fight,80.0,,,,,,,,
33,27400.0, Drop,8.0,,,,,,,,
34,27864.0, Touch,1290.9576,704.0039,47.43347,47.43347,47.43347,47.43347,,,6.0
35,28400.0, Touch,1290.9576,704.0039,47.483826,47.483826,47.483826,47.483826,,,3.0
36,29150.0, Touch,1544.9487,716.98975,47.53418,47.53418,47.53418,47.53418,,,5.0
37,29916.0, Touch,1531.9409,810.0,47.584534000000005,47.584534000000005,47.584534000000005,47.584534000000005,,,4.0
38,30682.0, Touch,1421.9165,851.98975,47.634888000000004,47.634888000000004,47.634888000000004,47.634888000000004,,,5.0
39,31009.0, Drop,9.0,,,,,,,,
40,31108.0, Drop,10.0,,,,,,,,
41,31115.0, Fight,90.0,,,,,,,,
42,31515.0, Touch,737.9223599999999,881.9824,47.68524,47.68524,47.68524,47.68524,,,7.0
43,32507.0, Touch,332.98645,513.99536,47.735596,47.735596,47.735596,47.735596,,,6.0
44,33172.0, Touch,629.9304,215.02441000000002,47.78595,47.78595,47.78595,47.78595,,,5.0
45,33547.0, Fight,100.0,,,,,,,,
46,33952.0, Fight,110.0,,,,,,,,
47,34202.0, Touch,948.9606,85.00121999999999,47.836304,47.836304,47.836304,47.836304,,,6.0
48,35078.0, Touch,346.94275,548.9978,47.886658000000004,47.886658000000004,47.886658000000004,47.886658000000004,,,9.0
49,36849.0, Touch,763.938,889.0027,47.93701,47.93701,47.93701,47.93701,,,9.0
50,36989.0, Fight,120.0,,,,,,,,
51,37673.0, Fight,130.0,,,,,,,,
52,37917.0, Drop,11.0,,,,,,,,
53,38238.0, Touch,458.9319,225.99976,47.987365999999994,47.987365999999994,47.987365999999994,47.987365999999994,,,6.0
54,39237.0, Fight,140.0,,,,,,,,
55,39383.0, Drop,12.0,,,,,,,,
56,39808.0, Drop,13.0,,,,,,,,
57,39831.0, Touch,965.9656,156.02783,48.03772,48.03772,48.03772,48.03772,,,1.0
58,40598.0, Drop,14.0,,,,,,,,
59,40901.0, Touch,443.95935,358.0005,48.088074,48.088074,48.088074,48.088074,,,12.0
60,41756.0, Drop,15.0,,,,,,,,
61,41992.0, Fight,150.0,,,,,,,,
62,42264.0, Touch,1640.9491,221.02295,48.138428000000005,48.138428000000005,48.138428000000005,48.138428000000005,,,7.0
63,43105.0, Drop,16.0,,,,,,,,
64,44625.0, Fight,160.0,,,,,,,,
65,44968.0, Touch,1593.9313,587.9883,48.18878,48.18878,48.18878,48.18878,,,5.0
66,45840.0, Touch,1441.9025,72.01538000000001,48.239136,48.239136,48.239136,48.239136,,,3.0
67,46442.0, Fight,170.0,,,,,,,,
68,46563.0, Drop,17.0,,,,,,,,
69,46907.0, Fight,180.0,,,,,,,,
70,47168.0, Touch,1260.9448,724.01,48.28949,48.28949,48.28949,48.28949,,,5.0
71,47896.0, Drop,18.0,,,,,,,,
72,48041.0, Touch,1260.9448,724.01,48.339844,48.339844,48.339844,48.339844,,,5.0
73,48959.0, Touch,1260.9448,724.01,48.390198,48.390198,48.390198,48.390198,,,11.0
74,49294.0, Drop,19.0,,,,,,,,
75,49425.0, Touch,1260.9448,724.01,48.44055,48.44055,48.44055,48.44055,,,7.0
76,50128.0, Drop,20.0,,,,,,,,
77,52138.0, Fight,190.0,,,,,,,,
78,52663.0, Fight,200.0,,,,,,,,
79,53195.0, Fight,210.0,,,,,,,,
80,53569.0, Fight,220.0,,,,,,,,
81,55319.0, Fight,230.0,,,,,,,,
82,56224.0, Fight,240.0,,,,,,,,
83,57474.0, Drop,21.0,,,,,,,,
84,58212.0, Fight,250.0,,,,,,,,
85,60657.0, Fight,260.0,,,,,,,,
86,61270.0, Fight,270.0,,,,,,,,
87,61636.0, Fight,280.0,,,,,,,,
88,62487.0, Fight,290.0,,,,,,,,
89,63559.0, Drop,22.0,,,,,,,,
90,65178.0, Fight,300.0,,,,,,,,
91,65645.0, Fight,310.0,,,,,,,,
92,66659.0, Fight,320.0,,,,,,,,
93,66769.0, Fight,330.0,,,,,,,,
94,66996.0, Drop,23.0,,,,,,,,
95,67442.0, Fight,340.0,,,,,,,,
96,68054.0, Fight,350.0,,,,,,,,
97,70185.0, Fight,360.0,,,,,,,,
98,71056.0, Fight,370.0,,,,,,,,
99,71788.0, Drop,24.0,,,,,,,,
100,73655.0, Fight,380.0,,,,,,,,
101,74359.0, Fight,390.0,,,,,,,,
102,74974.0, Fight,400.0,,,,,,,,
103,75066.0, Drop,25.0,,,,,,,,
104,76126.0, Drop,26.0,,,,,,,,
105,76757.0, Fight,410.0,,,,,,,,
106,77904.0, Fight,420.0,,,,,,,,
107,79126.0, Fight,430.0,,,,,,,,
108,79329.0, Drop,27.0,,,,,,,,
109,81033.0, Drop,28.0,,,,,,,,
110,81146.0, Fight,440.0,,,,,,,,
111,81343.0, Fight,450.0,,,,,,,,
112,81957.0, Drop,29.0,,,,,,,,
113,81958.0, Drop,30.0,,,,,,,,
114,82327.0, Fight,460.0,,,,,,,,
115,82998.0, Fight,470.0,,,,,,,,
116,83341.0, Fight,480.0,,,,,,,,
117,84940.0, Drop,31.0,,,,,,,,
118,85623.0, Drop,32.0,,,,,,,,
119,86327.0, Fight,490.0,,,,,,,,
120,88111.0, Drop,33.0,,,,,,,,
121,88729.0, Fight,500.0,,,,,,,,
122,89409.0, Fight,510.0,,,,,,,,
123,89850.0, Fight,520.0,,,,,,,,
124,90205.0, Fight,530.0,,,,,,,,
125,90774.0, Touch,767.42706,415.49744,48.490906,48.490906,48.490906,48.490906,48.49090600000061,48.49090600000061,40858.0
126,91125.0, Touch,767.9352,416.99707,48.54126,48.54126,48.54126,48.54126,,,5.0
127,91461.0, Drop,34.0,,,,,,,,
128,91814.0, Touch,692.937,355.00122000000005,48.591614,48.591614,48.591614,48.591614,,,7.0
129,92221.0, Fight,540.0,,,,,,,,
130,92332.0, Touch,692.937,355.00122000000005,48.641968,48.641968,48.641968,48.641968,,,5.0
131,93108.0, Touch,1011.9671599999999,160.01587,48.69232,48.69232,48.69232,48.69232,,,3.0
132,93778.0, Touch,1496.9147,292.0166,48.742676,48.742676,48.742676,48.742676,,,5.0
133,94657.0, Touch,917.9315,292.0166,48.79303,48.79303,48.79303,48.79303,,,10.0
134,95225.0, Drop,35.0,,,,,,,,
135,95578.0, Touch,1100.9216,302.99194,48.843384,48.843384,48.843384,48.843384,,,6.0
136,96331.0, Touch,907.9046599999999,340.99365,48.893738,48.893738,48.893738,48.893738,,,6.0
137,96672.0, Fight,550.0,,,,,,,,
138,97053.0, Touch,629.9304,460.00854000000004,48.94409,48.94409,48.94409,48.94409,,,4.0
139,97570.0, Drop,36.0,,,,,,,,
140,97647.0, Touch,488.9447,801.0022,48.994446,48.994446,48.994446,48.994446,,,7.0
141,98234.0, Fight,560.0,,,,,,,,
142,98503.0, Touch,1190.9601,578.0017,49.0448,49.0448,49.0448,49.0448,,,6.0
143,99205.0, Touch,1577.9425,224.02222000000003,49.095154,49.095154,49.095154,49.095154,,,7.0
144,100326.0, Touch,1659.9188,519.9939,49.145508,49.145508,49.145508,49.145508,,,6.0
145,101041.0, Touch,1664.9323,757.9907,49.195859999999996,49.195859999999996,49.195859999999996,49.195859999999996,,,7.0
146,102170.0, Touch,1785.932,522.99316,49.246216,49.246216,49.246216,49.246216,,,6.0
147,103685.0, Touch,1758.9001,422.9956,49.29657,49.29657,49.29657,49.29657,,,4.0
148,104225.0, Drop,37.0,,,,,,,,
149,104522.0, Fight,570.0,,,,,,,,
150,104614.0, Fight,580.0,,,,,,,,
151,104728.0, Touch,1758.9001,422.9956,49.346924,49.346924,49.346924,49.346924,,,5.0
152,105564.0, Touch,1434.9243,205.00488,49.397278,49.397278,49.397278,49.397278,,,7.0
153,106167.0, Drop,38.0,,,,,,,,
154,106169.0, Fight,590.0,,,,,,,,
155,106482.0, Touch,1344.9536,680.00977,49.44763,49.44763,49.44763,49.44763,,,10.0
156,107261.0, Touch,746.933,886.9922,49.497986,49.497986,49.497986,49.497986,,,14.0
157,108212.0, Touch,873.9624,906.9983,49.54834,49.54834,49.54834,49.54834,,,6.0
158,108389.0, Fight,600.0,,,,,,,,
159,108657.0, Fight,610.0,,,,,,,,
160,109053.0, Touch,1033.9178,884.9817,49.598694,49.598694,49.598694,49.598694,,,6.0
161,109276.0, Fight,620.0,,,,,,,,
162,110015.0, Touch,1192.9248,845.0024400000001,49.649048,49.649048,49.649048,49.649048,,,6.0
163,110945.0, Touch,442.9431,563.99414,49.6994,49.6994,49.6994,49.6994,,,6.0
164,111742.0, Fight,630.0,,,,,,,,
165,111974.0, Touch,309.95178,287.00684,49.749756,49.749756,49.749756,49.749756,,,6.0
166,113930.0, Drop,39.0,,,,,,,,
167,114050.0, Touch,770.91614,930.9924300000001,49.80011,49.80011,49.80011,49.80011,,,5.0
168,115165.0, Touch,1353.8965,959.99634,49.850464,49.850464,49.850464,49.850464,,,5.0
169,115336.0, Drop,40.0,,,,,,,,
170,115337.0, Fight,640.0,,,,,,,,
171,115862.0, Drop,41.0,,,,,,,,
172,116273.0, Touch,1821.9067,640.9863,49.900818,49.900818,49.900818,49.900818,,,5.0
173,116597.0, Fight,650.0,,,,,,,,
174,117214.0, Touch,1669.9457,181.99951000000001,49.95117,49.95117,49.95117,49.95117,,,7.0
175,118463.0, Touch,459.94812,278.00903,50.001526,50.001526,50.001526,50.001526,,,8.0
176,119799.0, Touch,291.93054,446.98975,50.05188,50.05188,50.05188,50.05188,,,8.0
177,120876.0, Fight,660.0,,,,,,,,
178,121534.0, Touch,306.97083,827.00684,50.102234,50.102234,50.102234,50.102234,,,6.0
179,123131.0, Fight,670.0,,,,,,,,
180,123425.0, Touch,128.99414,369.99756,50.152588,50.152588,50.152588,50.152588,,,4.0
181,124539.0, Fight,680.0,,,,,,,,
182,124818.0, Fight,690.0,,,,,,,,
183,125074.0, Drop,42.0,,,,,,,,
184,125406.0, Fight,700.0,,,,,,,,
185,125665.0, Touch,1635.9357,184.99878,50.202940000000005,50.202940000000005,50.202940000000005,50.202940000000005,,,5.0
186,126407.0, Drop,43.0,,,,,,,,
187,127138.0, Touch,1544.9487,179.00024,50.253296,50.253296,50.253296,50.253296,,,6.0
188,127483.0, Drop,44.0,,,,,,,,
189,127575.0, Fight,710.0,,,,,,,,
190,129185.0, Touch,1855.9167,352.00195,50.30365,50.30365,50.30365,50.30365,,,6.0
191,129807.0, Fight,720.0,,,,,,,,
192,130578.0, Touch,1855.9167,352.00195,50.354003999999996,50.354003999999996,50.354003999999996,50.354003999999996,,,5.0
193,131076.0, Fight,730.0,,,,,,,,
194,131776.0, Touch,1879.8999,645.9961,50.404358,50.404358,50.404358,50.404358,,,7.0
195,132890.0, Touch,1879.8999,645.9961,50.454712,50.454712,50.454712,50.454712,,,11.0
196,133306.0, Fight,740.0,,,,,,,,
197,133863.0, Fight,750.0,,,,,,,,
198,134088.0, Touch,1683.902,466.99585,50.505066,50.505066,50.505066,50.505066,,,8.0
199,134409.0, Drop,45.0,,,,,,,,
200,135059.0, Touch,770.91614,219.01245,50.55542,50.55542,50.55542,50.55542,,,4.0
201,136201.0, Touch,437.9297,352.00195,50.605774,50.605774,50.605774,50.605774,,,5.0
202,137057.0, Fight,760.0,,,,,,,,
203,140280.0, Drop,46.0,,,,,,,,
204,141774.0, Fight,770.0,,,,,,,,
205,142275.0, Fight,780.0,,,,,,,,
206,142902.0, Fight,790.0,,,,,,,,
207,143592.0, Fight,800.0,,,,,,,,
208,144748.0, Drop,47.0,,,,,,,,
209,145397.0, Drop,48.0,,,,,,,,
210,146275.0, Drop,49.0,,,,,,,,
211,146841.0, Drop,50.0,,,,,,,,
212,146841.0, Fight,810.0,,,,,,,,
213,149259.0, Fight,820.0,,,,,,,,
214,151406.0, Drop,51.0,,,,,,,,
215,152419.0, Drop,52.0,,,,,,,,
216,153046.0, Drop,53.0,,,,,,,,
217,155084.0, Fight,830.0,,,,,,,,
218,155283.0, Fight,840.0,,,,,,,,
219,156635.0, Fight,850.0,,,,,,,,
220,156793.0, Drop,54.0,,,,,,,,
221,156793.0, Drop,55.0,,,,,,,,
222,158524.0, Fight,860.0,,,,,,,,
223,158976.0, Drop,56.0,,,,,,,,
224,159524.0, Drop,57.0,,,,,,,,
225,159887.0, Fight,870.0,,,,,,,,
226,161946.0, Fight,880.0,,,,,,,,
227,164939.0, Fight,890.0,,,,,,,,
228,165359.0, Drop,58.0,,,,,,,,
229,165653.0, Drop,59.0,,,,,,,,
230,166759.0, Drop,60.0,,,,,,,,
231,167509.0, Drop,61.0,,,,,,,,
232,168709.0, Fight,900.0,,,,,,,,
233,168790.0, Drop,62.0,,,,,,,,
234,169177.0, Fight,910.0,,,,,,,,
235,170040.0, Drop,63.0,,,,,,,,
236,170669.0, Drop,64.0,,,,,,,,
237,171209.0, Drop,65.0,,,,,,,,
238,171866.0, Drop,66.0,,,,,,,,
239,172741.0, Fight,920.0,,,,,,,,
240,173660.0, Fight,930.0,,,,,,,,
241,174407.0, Fight,940.0,,,,,,,,
242,175368.0, Drop,67.0,,,,,,,,
243,175872.0, Drop,68.0,,,,,,,,
244,176289.0, Fight,950.0,,,,,,,,
245,177522.0, Fight,960.0,,,,,,,,
246,177909.0, Drop,69.0,,,,,,,,
247,178371.0, Drop,70.0,,,,,,,,
248,179443.0, Drop,71.0,,,,,,,,
249,180309.0, Drop,72.0,,,,,,,,
250,181009.0, Fight,970.0,,,,,,,,
251,182357.0, Fight,980.0,,,,,,,,
252,183092.0, Drop,73.0,,,,,,,,
253,183390.0, Drop,74.0,,,,,,,,
254,184254.0, Fight,990.0,,,,,,,,
255,184996.0, Drop,75.0,,,,,,,,
256,185927.0, Fight,1000.0,,,,,,,,
257,186667.0, Drop,76.0,,,,,,,,
258,186668.0, Fight,1010.0,,,,,,,,
259,186754.0, Drop,77.0,,,,,,,,
260,187491.0, Drop,78.0,,,,,,,,
261,187668.0, Drop,79.0,,,,,,,,
262,188272.0, Fight,1020.0,,,,,,,,
263,189517.0, Touch,1408.9087,689.9852,50.656128,50.656128,50.656128,50.656128,50.6561280000013,50.6561280000013,52176.0
264,189868.0, Touch,1408.9087,689.99634,50.706482,50.706482,50.706482,50.706482,,,5.0
265,190508.0, Touch,1800.9045,739.9951,50.756836,50.756836,50.756836,50.756836,,,7.0
266,191240.0, Touch,1800.9045,739.9951,50.807190000000006,50.807190000000006,50.807190000000006,50.807190000000006,,,8.0
267,192039.0, Touch,1546.9135,895.0012,50.857544,50.857544,50.857544,50.857544,,,8.0
268,192542.0, Drop,80.0,,,,,,,,
269,192726.0, Drop,81.0,,,,,,,,
270,192880.0, Touch,1546.9135,895.0012,50.907897999999996,50.907897999999996,50.907897999999996,50.907897999999996,,,6.0
271,193355.0, Touch,1546.9135,895.0012,50.958252,50.958252,50.958252,50.958252,,,7.0
272,193907.0, Touch,1546.9135,895.0012,51.008606,51.008606,51.008606,51.008606,,,13.0
273,194700.0, Fight,1030.0,,,,,,,,
274,195029.0, Touch,1337.9077,855.9778,51.05896,51.05896,51.05896,51.05896,,,5.0
275,195801.0, Touch,1565.9509,508.9856,51.109314000000005,51.109314000000005,51.109314000000005,51.109314000000005,,,8.0
276,195998.0, Fight,1040.0,,,,,,,,
277,196808.0, Touch,602.9663,274.02099999999996,51.159667999999996,51.159667999999996,51.159667999999996,51.159667999999996,,,6.0
278,198045.0, Touch,509.9469,675.0,51.210021999999995,51.210021999999995,51.210021999999995,51.210021999999995,,,11.0
279,199108.0, Drop,82.0,,,,,,,,
280,199393.0, Touch,362.93152000000003,787.9834,51.260376,51.260376,51.260376,51.260376,,,7.0
281,200518.0, Fight,1050.0,,,,,,,,
282,200562.0, Touch,427.97058,845.0024400000001,51.31073,51.31073,51.31073,51.31073,,,6.0
283,201199.0, Drop,83.0,,,,,,,,
284,201345.0, Fight,1060.0,,,,,,,,
285,201666.0, Fight,1070.0,,,,,,,,
286,201789.0, Touch,1344.9536,578.0017,51.361084000000005,51.361084000000005,51.361084000000005,51.361084000000005,,,8.0
287,202553.0, Touch,771.9324,434.0039,51.411438000000004,51.411438000000004,51.411438000000004,51.411438000000004,,,7.0
288,203642.0, Touch,773.96484,310.0122,51.461791999999996,51.461791999999996,51.461791999999996,51.461791999999996,,,6.0
289,204038.0, Drop,84.0,,,,,,,,
290,204205.0, Fight,1080.0,,,,,,,,
291,204379.0, Touch,1088.93,246.99462999999997,51.512146,51.512146,51.512146,51.512146,,,6.0
292,204798.0, Drop,85.0,,,,,,,,
293,205132.0, Touch,1088.93,246.99462999999997,51.5625,51.5625,51.5625,51.5625,,,6.0
294,205597.0, Fight,1090.0,,,,,,,,
295,205757.0, Touch,1088.93,246.99462999999997,51.612854,51.612854,51.612854,51.612854,,,6.0
296,206586.0, Touch,480.95032000000003,555.9851,51.663208000000004,51.663208000000004,51.663208000000004,51.663208000000004,,,6.0
297,207708.0, Touch,438.94592,463.99658,51.713561999999996,51.713561999999996,51.713561999999996,51.713561999999996,,,7.0
298,208542.0, Fight,1100.0,,,,,,,,
299,209007.0, Touch,1391.9037,113.01636,51.763915999999995,51.763915999999995,51.763915999999995,51.763915999999995,,,8.0
300,209397.0, Fight,1110.0,,,,,,,,
301,209674.0, Fight,1120.0,,,,,,,,
302,210339.0, Drop,86.0,,,,,,,,
303,210611.0, Touch,1062.9144,206.02661,51.81427,51.81427,51.81427,51.81427,,,6.0
304,210825.0, Drop,87.0,,,,,,,,
305,210990.0, Fight,1130.0,,,,,,,,
306,211525.0, Touch,771.9324,577.0129400000001,51.864624,51.864624,51.864624,51.864624,,,6.0
307,213906.0, Drop,88.0,,,,,,,,
308,214627.0, Drop,89.0,,,,,,,,
309,215680.0, Drop,90.0,,,,,,,,
310,216945.0, Drop,91.0,,,,,,,,
311,219158.0, Drop,92.0,,,,,,,,
312,219278.0, Fight,1140.0,,,,,,,,
313,219783.0, Fight,1150.0,,,,,,,,
314,220444.0, Fight,1160.0,,,,,,,,
315,221309.0, Fight,1170.0,,,,,,,,
316,222046.0, Fight,1180.0,,,,,,,,
317,222428.0, Drop,93.0,,,,,,,,
318,222624.0, Fight,1190.0,,,,,,,,
319,224980.0, Fight,1200.0,,,,,,,,
320,225210.0, Fight,1210.0,,,,,,,,
321,225636.0, Touch,1080.9357,490.99,51.914978000000005,51.914978000000005,51.914978000000005,51.914978000000005,51.91497800000041,51.91497800000041,12995.0
322,226810.0, Touch,1231.9482,774.0088,51.965332000000004,51.965332000000004,51.965332000000004,51.965332000000004,,,8.0
323,227283.0, Drop,94.0,,,,,,,,
324,227297.0, Touch,1231.9482,774.0088,52.015685999999995,52.015685999999995,52.015685999999995,52.015685999999995,,,6.0
325,227536.0, Drop,95.0,,,,,,,,
326,227954.0, Touch,1145.907,828.9844,52.06604,52.06604,52.06604,52.06604,,,4.0
327,228089.0, Drop,96.0,,,,,,,,
328,228547.0, Touch,602.9663,817.9761,52.116394,52.116394,52.116394,52.116394,,,7.0
329,229144.0, Drop,97.0,,,,,,,,
330,229596.0, Touch,569.97253,818.9978,52.166748,52.166748,52.166748,52.166748,,,7.0
331,229861.0, Touch,569.97253,818.9978,52.217102000000004,52.217102000000004,52.217102000000004,52.217102000000004,,,1.0
332,230147.0, Fight,1220.0,,,,,,,,
333,230560.0, Touch,585.9613,407.0105,52.267456,52.267456,52.267456,52.267456,,,5.0
334,231531.0, Touch,513.9441,349.99146,52.317809999999994,52.317809999999994,52.317809999999994,52.317809999999994,,,5.0
335,232353.0, Fight,1230.0,,,,,,,,
336,233504.0, Touch,744.96826,243.99536,52.368164,52.368164,52.368164,52.368164,,,4.0
337,233969.0, Drop,98.0,,,,,,,,
338,234164.0, Drop,99.0,,,,,,,,
339,235904.0, Fight,1240.0,,,,,,,,
340,235934.0, Touch,1071.417,292.0166,52.418518,52.418518,52.418518,52.418518,52.418517999999956,52.418517999999956,1610.0
341,236446.0, Touch,1627.9413,466.99585,52.468872,52.468872,52.468872,52.468872,,,6.0
342,236638.0, Touch,1627.9413,466.99585,52.519226,52.519226,52.519226,52.519226,,,6.0
343,237209.0, Touch,1620.8954,625.0012,52.56958,52.56958,52.56958,52.56958,,,7.0
344,237761.0, Drop,100.0,,,,,,,,
345,237889.0, Touch,1253.8989,946.9775400000001,52.61993399999999,52.61993399999999,52.61993399999999,52.61993399999999,,,7.0
346,238547.0, Fight,1250.0,,,,,,,,
347,238662.0, Touch,754.92737,930.9924300000001,52.670288,52.670288,52.670288,52.670288,,,6.0
348,239295.0, Touch,367.94495,680.00977,52.720642000000005,52.720642000000005,52.720642000000005,52.720642000000005,,,6.0
349,239318.0, Drop,101.0,,,,,,,,
350,240828.0, Touch,367.94495,680.00977,52.770996,52.770996,52.770996,52.770996,,,9.0
351,240882.0, Fight,1260.0,,,,,,,,
352,241643.0, Touch,367.94495,680.00977,52.82135,52.82135,52.82135,52.82135,,,7.0
353,242409.0, Fight,1270.0,,,,,,,,
354,243075.0, Touch,367.94495,680.00977,52.871704,52.871704,52.871704,52.871704,,,8.0
355,243921.0, Fight,1280.0,,,,,,,,
356,244392.0, Drop,102.0,,,,,,,,
357,245118.0, Touch,944.9634,79.002686,52.922059999999995,52.922059999999995,52.922059999999995,52.922059999999995,,,7.0
358,245933.0, Touch,789.9536,299.0039,52.972412,52.972412,52.972412,52.972412,,,6.0
359,246486.0, Drop,103.0,,,,,,,,
360,247091.0, Touch,956.9549599999999,608.98315,53.022766000000004,53.022766000000004,53.022766000000004,53.022766000000004,,,7.0
361,248548.0, Touch,1704.9042,528.0029,53.073119999999996,53.073119999999996,53.073119999999996,53.073119999999996,,,5.0
362,249431.0, Drop,104.0,,,,,,,,
363,249681.0, Touch,1811.8799,528.0029,53.123474,53.123474,53.123474,53.123474,,,7.0
364,249738.0, Drop,105.0,,,,,,,,
365,251161.0, Touch,1231.9482,930.9924300000001,53.17383,53.17383,53.17383,53.17383,,,9.0
366,252417.0, Touch,1745.8923,268.02246,53.22418199999999,53.22418199999999,53.22418199999999,53.22418199999999,,,8.0
367,253488.0, Touch,1690.9479,172.01294,53.274536,53.274536,53.274536,53.274536,,,8.0
368,254705.0, Fight,1290.0,,,,,,,,
369,255000.0, Fight,1300.0,,,,,,,,
370,255118.0, Touch,1213.927,228.99902000000003,53.32489,53.32489,53.32489,53.32489,,,4.0
371,256208.0, Touch,1672.9266,275.99854,53.375243999999995,53.375243999999995,53.375243999999995,53.375243999999995,,,6.0
372,257040.0, Touch,1677.9401,149.99634,53.4256,53.4256,53.4256,53.4256,,,5.0
373,257250.0, Fight,1310.0,,,,,,,,
374,258056.0, Fight,1320.0,,,,,,,,
375,258445.0, Fight,1330.0,,,,,,,,
376,258643.0, Fight,1340.0,,,,,,,,
377,260019.0, Drop,106.0,,,,,,,,
378,260264.0, Drop,107.0,,,,,,,,
379,261616.0, Drop,108.0,,,,,,,,
380,262021.0, Drop,109.0,,,,,,,,
381,262247.0, Fight,1350.0,,,,,,,,
382,262353.0, Drop,110.0,,,,,,,,
383,262869.0, Fight,1360.0,,,,,,,,
384,263220.0, Drop,111.0,,,,,,,,
385,264983.0, Fight,1370.0,,,,,,,,
386,266084.0, Fight,1380.0,,,,,,,,
387,268751.0, Drop,112.0,,,,,,,,
388,270998.0, Fight,1390.0,,,,,,,,
389,272619.0, Fight,1400.0,,,,,,,,
390,273801.0, Fight,1410.0,,,,,,,,
391,273803.0, Fight,1420.0,,,,,,,,
392,275843.0, Fight,1430.0,,,,,,,,
393,275944.0, Fight,1440.0,,,,,,,,
394,277608.0, Fight,1450.0,,,,,,,,
395,277842.0, Fight,1460.0,,,,,,,,
396,279938.0, Fight,1470.0,,,,,,,,
397,281219.0, Fight,1480.0,,,,,,,,
398,283936.0, Drop,113.0,,,,,,,,
399,285162.0, Fight,1490.0,,,,,,,,
400,287005.0, Drop,114.0,,,,,,,,
401,287662.0, Drop,115.0,,,,,,,,
402,288738.0, Fight,1500.0,,,,,,,,
403,288836.0, Drop,116.0,,,,,,,,
404,289011.0, Drop,117.0,,,,,,,,
405,289101.0, Drop,118.0,,,,,,,,
406,290967.0, Drop,119.0,,,,,,,,
407,291798.0, Fight,1510.0,,,,,,,,
408,292031.0, Drop,120.0,,,,,,,,
409,293330.0, Fight,1520.0,,,,,,,,
410,293549.0, Fight,1530.0,,,,,,,,
411,294001.0, Drop,121.0,,,,,,,,
412,294336.0, Fight,1540.0,,,,,,,,
413,294584.0, Drop,122.0,,,,,,,,
414,296246.0, Drop,123.0,,,,,,,,
415,296488.0, Fight,1550.0,,,,,,,,
416,297446.0, Fight,1560.0,,,,,,,,
417,297560.0, Fight,1570.0,,,,,,,,
418,298151.0, Fight,1580.0,,,,,,,,
419,298244.0, Fight,1590.0,,,,,,,,
420,298631.0, Fight,1600.0,,,,,,,,
421,300585.0, Drop,124.0,,,,,,,,
422,301190.0, Drop,125.0,,,,,,,,
423,302798.0, Drop,126.0,,,,,,,,
424,303271.0, Fight,1610.0,,,,,,,,
425,303669.0, Fight,1620.0,,,,,,,,
426,305070.0, Drop,127.0,,,,,,,,
427,305282.0, Drop,128.0,,,,,,,,
428,305640.0, Drop,129.0,,,,,,,,
429,305996.0, Fight,1630.0,,,,,,,,
430,306787.0, Fight,1640.0,,,,,,,,
431,307557.0, Drop,130.0,,,,,,,,
432,309501.0, Drop,131.0,,,,,,,,
433,316388.0, Touch,346.94275,472.0056,53.475952,53.475952,53.475952,53.475952,53.47595199999811,53.47595199999811,58295.0
434,316716.0, Drop,132.0,,,,,,,,
435,317353.0, Touch,807.97485,328.0078,53.526306000000005,53.526306000000005,53.526306000000005,53.526306000000005,,,8.0
436,318201.0, Touch,1670.8942,605.9839,53.57666,53.57666,53.57666,53.57666,,,7.0
437,318759.0, Touch,1670.8942,605.9839,53.627014,53.627014,53.627014,53.627014,,,6.0
438,318881.0, Drop,133.0,,,,,,,,
439,319488.0, Touch,1483.9069,845.0024400000001,53.677369999999996,53.677369999999996,53.677369999999996,53.677369999999996,,,3.0
440,320350.0, Touch,1680.921,784.9841299999999,53.727722,53.727722,53.727722,53.727722,,,7.0
441,320638.0, Touch,1680.921,784.9841299999999,53.778076,53.778076,53.778076,53.778076,,,6.0
442,320848.0, Touch,1680.921,784.9841299999999,53.828430000000004,53.828430000000004,53.828430000000004,53.828430000000004,,,8.0
443,321142.0, Touch,1680.921,784.9841299999999,53.878783999999996,53.878783999999996,53.878783999999996,53.878783999999996,,,6.0
444,321328.0, Touch,1680.921,784.9841299999999,53.929140000000004,53.929140000000004,53.929140000000004,53.929140000000004,,,8.0
445,321511.0, Touch,1680.921,784.9841299999999,53.97949200000001,53.97949200000001,53.97949200000001,53.97949200000001,,,6.0
446,321712.0, Touch,1680.921,784.9841299999999,54.029846,54.029846,54.029846,54.029846,,,6.0
447,321911.0, Touch,1680.921,784.9841299999999,54.0802,54.0802,54.0802,54.0802,,,5.0
448,322084.0, Touch,1680.921,784.9841299999999,54.130554000000004,54.130554000000004,54.130554000000004,54.130554000000004,,,10.0
449,322295.0, Touch,1680.921,784.9841299999999,54.18091,54.18091,54.18091,54.18091,,,5.0
450,322929.0, Touch,1530.9247,889.99146,54.231262,54.231262,54.231262,54.231262,,,7.0
451,323446.0, Drop,134.0,,,,,,,,
452,323561.0, Touch,1305.9302,922.9834,54.28161600000001,54.28161600000001,54.28161600000001,54.28161600000001,,,6.0
453,324181.0, Fight,1650.0,,,,,,,,
454,324437.0, Touch,718.9526400000001,695.9949,54.33197,54.33197,54.33197,54.33197,,,7.0
455,324793.0, Drop,135.0,,,,,,,,
456,325119.0, Touch,708.9258,695.9949,54.382324,54.382324,54.382324,54.382324,,,5.0
457,325480.0, Fight,1660.0,,,,,,,,
458,325648.0, Touch,708.9258,695.9949,54.432680000000005,54.432680000000005,54.432680000000005,54.432680000000005,,,6.0
459,326407.0, Touch,708.9258,695.9949,54.483031999999994,54.483031999999994,54.483031999999994,54.483031999999994,,,7.0
460,326996.0, Touch,765.97046,777.00806,54.533386,54.533386,54.533386,54.533386,,,4.0
461,327082.0, Drop,136.0,,,,,,,,
462,327083.0, Fight,1670.0,,,,,,,,
463,327688.0, Touch,629.9304,393.9917,54.58374,54.58374,54.58374,54.58374,,,10.0
464,328429.0, Touch,636.9763,299.99268,54.634094,54.634094,54.634094,54.634094,,,6.0
465,329214.0, Drop,137.0,,,,,,,,
466,329943.0, Touch,1216.9080000000001,151.01807,54.68445,54.68445,54.68445,54.68445,,,5.0
467,330184.0, Fight,1680.0,,,,,,,,
468,330265.0, Fight,1690.0,,,,,,,,
469,330351.0, Fight,1700.0,,,,,,,,
470,330629.0, Touch,1216.9080000000001,151.01807,54.734802,54.734802,54.734802,54.734802,,,7.0
471,330734.0, Drop,138.0,,,,,,,,
472,331118.0, Touch,1717.912,168.0249,54.78515600000001,54.78515600000001,54.78515600000001,54.78515600000001,,,8.0
473,331308.0, Touch,1717.912,168.0249,54.83551,54.83551,54.83551,54.83551,,,5.0
474,331862.0, Touch,1717.912,168.0249,54.885864,54.885864,54.885864,54.885864,,,7.0
475,332094.0, Touch,1717.912,168.0249,54.93622,54.93622,54.93622,54.93622,,,7.0
476,332285.0, Touch,1717.912,168.0249,54.986571999999995,54.986571999999995,54.986571999999995,54.986571999999995,,,6.0
477,332502.0, Touch,1717.912,168.0249,55.036926,55.036926,55.036926,55.036926,,,6.0
478,332690.0, Touch,1717.912,168.0249,55.08728000000001,55.08728000000001,55.08728000000001,55.08728000000001,,,6.0
479,333257.0, Touch,1379.9121,736.99585,55.137634,55.137634,55.137634,55.137634,,,12.0
480,334183.0, Touch,1924.8853,627.0117,55.18799,55.18799,55.18799,55.18799,,,7.0
481,335521.0, Touch,1814.9286,522.99316,55.238342,55.238342,55.238342,55.238342,,,7.0
482,335811.0, Fight,1710.0,,,,,,,,
483,336495.0, Touch,1615.9497,948.9880400000001,55.288695999999995,55.288695999999995,55.288695999999995,55.288695999999995,,,5.0
484,337493.0, Touch,1745.8923,878.98315,55.33905,55.33905,55.33905,55.33905,,,5.0
485,337885.0, Fight,1720.0,,,,,,,,
486,338215.0, Fight,1730.0,,,,,,,,
487,338254.0, Touch,1688.9154,634.9878,55.389404000000006,55.389404000000006,55.389404000000006,55.389404000000006,,,6.0
488,338456.0, Fight,1740.0,,,,,,,,
489,338537.0, Drop,139.0,,,,,,,,
490,338538.0, Drop,140.0,,,,,,,,
491,338919.0, Fight,1750.0,,,,,,,,
492,339296.0, Touch,640.9735,368.02002000000005,55.43976,55.43976,55.43976,55.43976,,,11.0
493,340371.0, Touch,872.9461699999999,658.98193,55.490111999999996,55.490111999999996,55.490111999999996,55.490111999999996,,,7.0
494,341543.0, Touch,1250.9180000000001,765.9997599999999,55.540466,55.540466,55.540466,55.540466,,,5.0
495,342115.0, Fight,1760.0,,,,,,,,
496,342232.0, Touch,1146.9232,867.97485,55.590819999999994,55.590819999999994,55.590819999999994,55.590819999999994,,,5.0
497,342844.0, Touch,865.9680000000001,883.9929,55.641174,55.641174,55.641174,55.641174,,,10.0
498,342984.0, Drop,141.0,,,,,,,,
499,343558.0, Touch,615.9741,554.00757,55.69153000000001,55.69153000000001,55.69153000000001,55.69153000000001,,,3.0
500,343874.0, Fight,1770.0,,,,,,,,
501,344139.0, Drop,142.0,,,,,,,,
502,344557.0, Touch,1168.9417,193.99658,55.741882,55.741882,55.741882,55.741882,,,3.0
503,345185.0, Drop,143.0,,,,,,,,
504,345608.0, Touch,1158.9148,166.0144,55.792235999999995,55.792235999999995,55.792235999999995,55.792235999999995,,,4.0
505,346290.0, Touch,1158.9148,166.0144,55.84259,55.84259,55.84259,55.84259,,,6.0
506,346661.0, Drop,144.0,,,,,,,,
507,346661.0, Drop,145.0,,,,,,,,
508,347188.0, Touch,315.98145,536.0119599999999,55.89294399999999,55.89294399999999,55.89294399999999,55.89294399999999,,,7.0
509,347772.0, Touch,315.98145,536.0119599999999,55.9433,55.9433,55.9433,55.9433,,,6.0
510,348961.0, Touch,272.96082,687.98584,55.993652000000004,55.993652000000004,55.993652000000004,55.993652000000004,,,6.0
511,349971.0, Touch,404.9359,755.9802,56.044006,56.044006,56.044006,56.044006,,,7.0
512,350468.0, Drop,146.0,,,,,,,,
513,351114.0, Fight,1780.0,,,,,,,,
514,351216.0, Drop,147.0,,,,,,,,
515,351533.0, Drop,148.0,,,,,,,,
516,351684.0, Touch,330.95398,669.00146,56.094359999999995,56.094359999999995,56.094359999999995,56.094359999999995,,,5.0
517,352157.0, Fight,1790.0,,,,,,,,
518,352926.0, Fight,1800.0,,,,,,,,
519,353050.0, Touch,902.959,177.0227,56.144714,56.144714,56.144714,56.144714,,,5.0
520,353718.0, Fight,1810.0,,,,,,,,
521,353812.0, Fight,1820.0,,,,,,,,
522,354525.0, Touch,749.91394,302.00317,56.195069999999994,56.195069999999994,56.195069999999994,56.195069999999994,,,6.0
523,354915.0, Fight,1830.0,,,,,,,,
524,355257.0, Touch,852.9602,243.99536,56.245422,56.245422,56.245422,56.245422,,,8.0
525,355511.0, Drop,149.0,,,,,,,,
526,358560.0, Drop,150.0,,,,,,,,
527,359535.0, Drop,151.0,,,,,,,,
528,361314.0, Fight,1840.0,,,,,,,,
529,361316.0, Fight,1850.0,,,,,,,,
530,362385.0, Fight,1860.0,,,,,,,,
531,363860.0, Drop,152.0,,,,,,,,
532,364066.0, Fight,1870.0,,,,,,,,
533,364278.0, Fight,1880.0,,,,,,,,
534,365301.0, Drop,153.0,,,,,,,,
535,365833.0, Drop,154.0,,,,,,,,
536,366986.0, Fight,1890.0,,,,,,,,
537,368039.0, Fight,1900.0,,,,,,,,
538,370028.0, Fight,1910.0,,,,,,,,
539,370369.0, Drop,155.0,,,,,,,,
540,370845.0, Touch,1201.9088,295.01587,56.295776000000004,56.295776000000004,56.295776000000004,56.295776000000004,56.29577599999988,56.29577599999988,15075.0
541,371291.0, Touch,1203.9001,302.00317,56.34613,56.34613,56.34613,56.34613,,,8.0
542,371786.0, Touch,1203.9001,302.00317,56.396483999999994,56.396483999999994,56.396483999999994,56.396483999999994,,,6.0
543,372165.0, Fight,1920.0,,,,,,,,
544,372187.0, Touch,1203.9001,302.00317,56.44684,56.44684,56.44684,56.44684,,,3.0
545,372403.0, Touch,1203.9001,302.00317,56.497192000000005,56.497192000000005,56.497192000000005,56.497192000000005,,,7.0
546,372820.0, Drop,156.0,,,,,,,,
547,373030.0, Touch,1471.9153,648.0066,56.547546,56.547546,56.547546,56.547546,,,6.0
548,375341.0, Touch,1675.9076,528.0029,56.5979,56.5979,56.5979,56.5979,,,7.0
549,375866.0, Fight,1930.0,,,,,,,,
550,375959.0, Touch,1730.9198,564.9829,56.648254,56.648254,56.648254,56.648254,,,5.0
551,377102.0, Drop,157.0,,,,,,,,
552,377325.0, Touch,1763.9136,527.01416,56.698609999999995,56.698609999999995,56.698609999999995,56.698609999999995,,,6.0
553,378327.0, Touch,1738.9142,454.01,56.748962,56.748962,56.748962,56.748962,,,4.0
554,378828.0, Fight,1940.0,,,,,,,,
555,379144.0, Fight,1950.0,,,,,,,,
556,379659.0, Drop,158.0,,,,,,,,
557,379965.0, Touch,1525.9113,645.9961,56.799316000000005,56.799316000000005,56.799316000000005,56.799316000000005,,,3.0
558,380647.0, Touch,1494.95,812.99927,56.849669999999996,56.849669999999996,56.849669999999996,56.849669999999996,,,7.0
559,381319.0, Touch,616.9226,799.98047,56.900024,56.900024,56.900024,56.900024,,,6.0
560,383666.0, Touch,585.9613,915.9961,56.95038,56.95038,56.95038,56.95038,,,7.0
561,384312.0, Drop,159.0,,,,,,,,
562,384520.0, Touch,585.9613,915.9961,57.00073199999999,57.00073199999999,57.00073199999999,57.00073199999999,,,4.0
563,384995.0, Drop,160.0,,,,,,,,
564,385562.0, Touch,450.9375,839.0039,57.051086,57.051086,57.051086,57.051086,,,7.0
565,386434.0, Touch,506.96594000000005,681.9873,57.101440000000004,57.101440000000004,57.101440000000004,57.101440000000004,,,4.0
566,386726.0, Fight,1960.0,,,,,,,,
567,387417.0, Touch,315.98145,625.0012,57.151793999999995,57.151793999999995,57.151793999999995,57.151793999999995,,,2.0
568,388185.0, Touch,315.98145,625.0012,57.20215,57.20215,57.20215,57.20215,,,7.0
569,389115.0, Touch,302.97362999999996,480.01465,57.252502,57.252502,57.252502,57.252502,,,7.0
570,390369.0, Fight,1970.0,,,,,,,,
571,390404.0, Touch,411.9818,628.0005,57.302856000000006,57.302856000000006,57.302856000000006,57.302856000000006,,,7.0
572,391332.0, Touch,689.95605,642.9968,57.35321,57.35321,57.35321,57.35321,,,5.0
573,391815.0, Drop,161.0,,,,,,,,
574,392209.0, Touch,941.9147,821.9971,57.403564,57.403564,57.403564,57.403564,,,5.0
575,392995.0, Touch,1352.9479999999999,780.0073,57.45392,57.45392,57.45392,57.45392,,,5.0
576,393018.0, Fight,1980.0,,,,,,,,
577,393759.0, Drop,162.0,,,,,,,,
578,393948.0, Touch,1552.9431,305.00244,57.504272,57.504272,57.504272,57.504272,,,6.0
579,394813.0, Touch,1552.9431,305.00244,57.554626,57.554626,57.554626,57.554626,,,6.0
580,395852.0, Touch,1620.8954,860.98755,57.604980000000005,57.604980000000005,57.604980000000005,57.604980000000005,,,5.0
581,397013.0, Touch,1667.9132,480.01465,57.655333999999996,57.655333999999996,57.655333999999996,57.655333999999996,,,6.0
582,398099.0, Drop,163.0,,,,,,,,
583,398302.0, Fight,1990.0,,,,,,,,
584,398529.0, Touch,1636.8842,636.9983,57.705690000000004,57.705690000000004,57.705690000000004,57.705690000000004,,,6.0
585,399284.0, Fight,2000.0,,,,,,,,
586,399355.0, Fight,2010.0,,,,,,,,
587,399590.0, Touch,1352.9479999999999,181.01074,57.756042,57.756042,57.756042,57.756042,,,6.0
588,400401.0, Fight,2020.0,,,,,,,,
589,400615.0, Touch,728.91174,490.99,57.806396,57.806396,57.806396,57.806396,,,7.0
590,401164.0, Fight,2030.0,,,,,,,,
591,401626.0, Touch,902.959,240.00732000000002,57.85675,57.85675,57.85675,57.85675,,,9.0
592,402184.0, Fight,2040.0,,,,,,,,
593,404197.0, Touch,2062.8901,85.00121999999999,57.907104000000004,57.907104000000004,57.907104000000004,57.907104000000004,,,7.0
