,Time,Event,X-coord,Y-coord,down-contact-minor,down-contact-major,up-contact-minor,up-contact-major,average-move-contact-minor,average-move-contact-major,move-time
0,10.0, Touch,1281.947,299.0039,,,9.869385000000001,9.869385000000001,9.869385000000001,9.869385000000001,
1,305.0, Touch,1269.9554,310.0122,9.919739,9.919739,9.919739,9.919739,,,155.0
2,3665.0, Touch,879.9243,654.9939,9.970092999999999,9.970092999999999,9.970092999999999,9.970092999999999,9.970092999999999,9.970092999999999,172.0
3,4228.0, Fight,10.0,,,,,,,,
4,5635.0, Touch,2004.8969,283.0188,10.020447,10.020447,10.020447,10.020447,10.020447,10.020447,222.0
5,8396.0, Fight,20.0,,,,,,,,
6,9218.0, Touch,1760.9326,622.9907,10.070801,10.070801,10.070801,10.070801,10.070801,10.070801,266.0
7,10174.0, Drop,1.0,,,,,,,,
8,10870.0, Touch,1309.9274,842.99194,10.121155,10.121155,10.121155,10.121155,10.121155,10.121155,220.0
9,11414.0, Drop,2.0,,,,,,,,
10,12348.0, Touch,795.9155,696.98364,10.171509,10.171509,10.171509,10.171509,10.171509,10.171509,424.0
11,12941.0, Drop,3.0,,,,,,,,
12,12945.0, Fight,30.0,,,,,,,,
13,15044.0, Touch,758.9245599999999,264.00146,10.221863,10.221863,10.221863,10.221863,10.221863,10.221863,188.0
14,16218.0, Drop,4.0,,,,,,,,
15,18114.0, Touch,1688.9154,446.98975,10.272217,10.272217,10.272217,10.272217,10.272217,10.272217,168.0
16,19604.0, Drop,5.0,,,,,,,,
17,21269.0, Touch,1549.8944,487.99072,10.322571,10.322571,10.322571,10.322571,10.322571,10.322571,180.0
18,22459.0, Drop,6.0,,,,,,,,
19,23879.0, Touch,1151.9366,649.9841299999999,10.372925,10.372925,10.372925,10.372925,10.372925,10.372925,199.0
20,24199.0, Fight,40.0,,,,,,,,
21,25746.0, Touch,1644.9463,721.9995,10.423278999999999,10.423278999999999,10.423278999999999,10.423278999999999,10.423278999999999,10.423278999999999,210.0
22,27445.0, Fight,50.0,,,,,,,,
23,28756.0, Touch,1294.9548,946.9939999999999,10.473633,10.473633,10.473633,10.473633,10.473633,10.473633,164.0
24,29735.0, Drop,7.0,,,,,,,,
25,31741.0, Touch,881.9568,499.9878,10.523987,10.523987,10.523987,10.523987,,,132.0
26,32188.0, Fight,60.0,,,,,,,,
27,32573.0, Drop,8.0,,,,,,,,
28,34296.0, Touch,1191.9086,669.00146,10.574341,10.574341,10.574341,10.574341,10.574341,10.574341,70.0
29,34551.0, Drop,9.0,,,,,,,,
30,36520.0, Touch,1151.9366,958.7991300000001,10.624695,10.624695,10.624695,10.624695,10.624695,10.624695,123.0
31,37938.0, Drop,10.0,,,,,,,,
32,39508.0, Drop,11.0,,,,,,,,
33,39516.0, Drop,12.0,,,,,,,,
34,39525.0, Touch,946.9281,605.9839,10.675049000000001,10.675049000000001,10.675049000000001,10.675049000000001,10.675049000000001,10.675049000000001,334.0
35,41834.0, Touch,1010.9509,552.98584,10.725403,10.725403,10.725403,10.725403,,,75.0
36,42048.0, Drop,13.0,,,,,,,,
37,43441.0, Touch,1313.9246,268.20627,10.775757,10.775757,10.775757,10.775757,10.775757,10.775757,136.0
38,44249.0, Drop,14.0,,,,,,,,
39,45849.0, Touch,1015.9643599999999,130.0232,10.826111000000001,10.826111000000001,10.826111000000001,10.826111000000001,10.826111000000001,10.826111000000001,185.0
40,46756.0, Fight,70.0,,,,,,,,
41,47180.0, Fight,80.0,,,,,,,,
42,48655.0, Touch,1008.91846,204.01611,10.876465,10.876465,10.876465,10.876465,10.876465,10.876465,230.0
43,49410.0, Fight,90.0,,,,,,,,
44,51248.0, Touch,1486.8878,545.99854,10.926819,10.926819,10.926819,10.926819,10.926819,10.926819,181.0
45,52363.0, Drop,15.0,,,,,,,,
46,53389.0, Touch,1035.9503,269.01122999999995,10.977172999999999,10.977172999999999,10.977172999999999,10.977172999999999,10.977172999999999,10.977172999999999,127.0
47,54088.0, Drop,16.0,,,,,,,,
48,55209.0, Touch,508.93066,904.9878,11.027527000000001,11.027527000000001,11.027527000000001,11.027527000000001,,,164.0
49,56944.0, Fight,100.0,,,,,,,,
50,58768.0, Touch,1135.9479,869.98535,11.077881,11.077881,11.077881,11.077881,11.077881,11.077881,182.0
51,59599.0, Fight,110.0,,,,,,,,
52,59603.0, Fight,120.0,,,,,,,,
53,59613.0, Fight,130.0,,,,,,,,
54,61558.0, Touch,668.95386,666.9909700000001,11.128235,11.128235,11.128235,11.128235,,,160.0
55,62343.0, Fight,140.0,,,,,,,,
56,62648.0, Drop,17.0,,,,,,,,
57,64019.0, Touch,1301.933,692.00684,11.178589,11.178589,11.178589,11.178589,11.178589,11.178589,153.0
58,64707.0, Drop,18.0,,,,,,,,
59,67290.0, Touch,1107.8998,1040.9766,11.228943,11.228943,11.228943,11.228943,11.228943,11.228943,182.0
60,68291.0, Drop,19.0,,,,,,,,
61,68580.0, Fight,150.0,,,,,,,,
62,70407.0, Touch,680.94543,577.0129400000001,11.279297,11.279297,11.279297,11.279297,,,114.0
63,70544.0, Fight,160.0,,,,,,,,
64,71127.0, Drop,20.0,,,,,,,,
65,71406.0, Fight,170.0,,,,,,,,
66,72831.0, Touch,1149.9042,262.02393,11.329651,11.329651,11.329651,11.329651,11.329651,11.329651,181.0
67,73344.0, Fight,180.0,,,,,,,,
68,76246.0, Touch,48.982544,934.98047,11.380005,11.380005,11.380005,11.380005,,,166.0
69,77705.0, Fight,190.0,,,,,,,,
70,79007.0, Drop,21.0,,,,,,,,
71,81146.0, Touch,1042.9285,202.00562,11.430359,11.430359,11.430359,11.430359,,,106.0
72,81994.0, Drop,22.0,,,,,,,,
73,84300.0, Touch,1249.9017,68.02734,11.480713,11.480713,11.480713,11.480713,11.480713,11.480713,122.0
74,85716.0, Drop,23.0,,,,,,,,
75,85719.0, Fight,200.0,,,,,,,,
76,87797.0, Touch,850.9277300000001,610.99365,11.531067,11.531067,11.531067,11.531067,,,122.0
77,88098.0, Drop,24.0,,,,,,,,
78,90233.0, Touch,1769.9432,195.01831,11.581421,11.581421,11.581421,11.581421,11.581421,11.581421,224.0
79,91092.0, Drop,25.0,,,,,,,,
80,92200.0, Drop,26.0,,,,,,,,
81,94417.0, Touch,936.9689999999999,902.9773,11.631775,11.631775,11.631775,11.631775,11.631775,11.631775,176.0
82,95388.0, Drop,27.0,,,,,,,,
83,96707.0, Touch,1352.9479999999999,431.00464000000005,11.682129,11.682129,11.682129,11.682129,,,161.0
84,97339.0, Drop,28.0,,,,,,,,
85,98900.0, Touch,1096.9244,61.00708,11.732483,11.732483,11.732483,11.732483,,,117.0
86,100165.0, Drop,29.0,,,,,,,,
87,100174.0, Drop,30.0,,,,,,,,
88,101670.0, Touch,1241.9073,942.0007300000001,11.782836999999999,11.782836999999999,11.782836999999999,11.782836999999999,11.782836999999999,11.782836999999999,202.0
89,102925.0, Fight,210.0,,,,,,,,
90,104529.0, Touch,1401.9305,911.9751,11.833191000000001,11.833191000000001,11.833191000000001,11.833191000000001,11.833191000000001,11.833191000000001,255.0
91,105923.0, Drop,31.0,,,,,,,,
92,105929.0, Drop,32.0,,,,,,,,
93,105934.0, Drop,33.0,,,,,,,,
94,107550.0, Touch,1341.9049,336.01685,11.883545,11.883545,11.883545,11.883545,11.883545,11.883545,220.0
95,108323.0, Drop,34.0,,,,,,,,
96,109825.0, Touch,1639.9329,636.0095,11.933899,11.933899,11.933899,11.933899,,,165.0
97,110751.0, Drop,35.0,,,,,,,,
98,110755.0, Fight,220.0,,,,,,,,
99,112383.0, Touch,1101.9379,674.0112,11.984253,11.984253,11.984253,11.984253,11.984253,11.984253,128.0
100,112687.0, Drop,36.0,,,,,,,,
101,112965.0, Drop,37.0,,,,,,,,
102,114819.0, Touch,814.953,577.0129400000001,12.034607000000001,12.034607000000001,12.034607000000001,12.034607000000001,12.034607000000001,12.034607000000001,161.0
103,115359.0, Drop,38.0,,,,,,,,
104,117413.0, Touch,1013.9319,786.9946,12.084961,12.084961,12.084961,12.084961,,,108.0
105,117806.0, Drop,39.0,,,,,,,,
106,117809.0, Drop,40.0,,,,,,,,
107,120298.0, Touch,1887.8943,607.0056,12.135315,12.135315,12.135315,12.135315,,,154.0
108,122116.0, Fight,230.0,,,,,,,,
109,123737.0, Touch,1544.9487,608.98315,12.185669,12.185669,12.185669,12.185669,,,141.0
110,124433.0, Drop,41.0,,,,,,,,
111,124698.0, Drop,42.0,,,,,,,,
112,126081.0, Touch,1061.9660000000001,271.02173,12.236023,12.236023,12.236023,12.236023,,,157.0
113,126724.0, Fight,240.0,,,,,,,,
114,128152.0, Touch,1137.9126,79.002686,12.286377,12.286377,12.286377,12.286377,,,164.0
115,129544.0, Drop,43.0,,,,,,,,
116,131028.0, Touch,712.923,792.0044,12.336731,12.336731,12.336731,12.336731,,,155.0
117,131927.0, Fight,250.0,,,,,,,,
118,134199.0, Touch,1452.9456,14.007568,12.387085,12.387085,12.387085,12.387085,,,168.0
119,136048.0, Drop,44.0,,,,,,,,
120,137600.0, Touch,1487.904,425.99487,12.437439,12.437439,12.437439,12.437439,,,165.0
121,138428.0, Drop,45.0,,,,,,,,
122,139655.0, Touch,821.93115,275.99854,12.487793,12.487793,12.487793,12.487793,,,140.0
123,140214.0, Fight,260.0,,,,,,,,
124,142109.0, Touch,235.96985,867.97485,12.538147,12.538147,12.538147,12.538147,,,171.0
125,142479.0, Drop,46.0,,,,,,,,
126,144647.0, Drop,47.0,,,,,,,,
127,144953.0, Drop,48.0,,,,,,,,
128,146639.0, Touch,1426.9299,530.0134,12.588500999999999,12.588500999999999,12.588500999999999,12.588500999999999,,,133.0
129,147147.0, Drop,49.0,,,,,,,,
130,149059.0, Touch,617.93884,805.9789999999999,12.638855,12.638855,12.638855,12.638855,,,158.0
131,149679.0, Fight,270.0,,,,,,,,
132,150607.0, Fight,280.0,,,,,,,,
133,151152.0, Touch,709.942,869.98535,12.689209,12.689209,12.689209,12.689209,,,124.0
134,151242.0, Touch,709.942,869.98535,12.739563,12.739563,12.739563,12.739563,,,46.0
135,151655.0, Fight,290.0,,,,,,,,
136,153058.0, Touch,1123.9563,202.00562,12.789916999999999,12.789916999999999,12.789916999999999,12.789916999999999,,,132.0
137,153754.0, Fight,300.0,,,,,,,,
138,156179.0, Fight,310.0,,,,,,,,
139,156244.0, Touch,1191.9086,489.01245,12.840271000000001,12.840271000000001,12.840271000000001,12.840271000000001,,,127.0
140,158204.0, Touch,878.9081,1019.9817,12.890625,12.890625,12.890625,12.890625,,,131.0
141,159814.0, Drop,50.0,,,,,,,,
142,160134.0, Drop,51.0,,,,,,,,
143,162744.0, Touch,952.95776,358.98926,12.940978999999999,12.940978999999999,12.940978999999999,12.940978999999999,,,146.0
144,163087.0, Drop,52.0,,,,,,,,
145,165914.0, Touch,758.9245599999999,531.9909700000001,12.991333000000001,12.991333000000001,12.991333000000001,12.991333000000001,,,140.0
146,166838.0, Drop,53.0,,,,,,,,
147,168239.0, Touch,1306.9464,810.0,13.041687,13.041687,13.041687,13.041687,,,116.0
148,168836.0, Drop,54.0,,,,,,,,
149,171035.0, Touch,546.93787,287.00684,13.092041,13.092041,13.092041,13.092041,,,160.0
150,172107.0, Drop,55.0,,,,,,,,
151,172109.0, Fight,320.0,,,,,,,,
152,172506.0, Drop,56.0,,,,,,,,
153,172513.0, Fight,330.0,,,,,,,,
154,174798.0, Touch,952.95776,239.01855,13.142395,13.142395,13.142395,13.142395,,,158.0
155,175399.0, Drop,57.0,,,,,,,,
156,175405.0, Fight,340.0,,,,,,,,
157,177319.0, Touch,1036.9666,978.9807,13.192749,13.192749,13.192749,13.192749,,,142.0
158,178011.0, Drop,58.0,,,,,,,,
159,178290.0, Drop,59.0,,,,,,,,
160,178629.0, Drop,60.0,,,,,,,,
161,180511.0, Touch,1336.8915,719.9889999999999,13.243103,13.243103,13.243103,13.243103,,,123.0
162,181418.0, Drop,61.0,,,,,,,,
163,181424.0, Drop,62.0,,,,,,,,
164,183384.0, Touch,924.9096699999999,651.00586,13.293457,13.293457,13.293457,13.293457,,,163.0
165,183889.0, Drop,63.0,,,,,,,,
166,185564.0, Touch,1188.9276,557.9956,13.343810999999999,13.343810999999999,13.343810999999999,13.343810999999999,,,145.0
167,185578.0, Drop,64.0,,,,,,,,
168,188495.0, Touch,751.9464,962.9956,13.394165,13.394165,13.394165,13.394165,,,146.0
169,189829.0, Drop,65.0,,,,,,,,
170,191731.0, Touch,1149.9042,775.9863,13.444519,13.444519,13.444519,13.444519,,,166.0
171,192248.0, Drop,66.0,,,,,,,,
172,193886.0, Touch,1449.8969,146.99707,13.494873000000002,13.494873000000002,13.494873000000002,13.494873000000002,,,161.0
173,194599.0, Drop,67.0,,,,,,,,
174,194605.0, Fight,350.0,,,,,,,,
175,195061.0, Fight,360.0,,,,,,,,
176,196764.0, Touch,992.9297,542.0105,13.545226999999999,13.545226999999999,13.545226999999999,13.545226999999999,,,149.0
177,197096.0, Drop,68.0,,,,,,,,
178,199255.0, Touch,1838.9117,412.02026,13.595581,13.595581,13.595581,13.595581,,,152.0
179,200593.0, Fight,370.0,,,,,,,,
180,201467.0, Fight,380.0,,,,,,,,
181,203723.0, Touch,1590.9503,539.0112,13.645935,13.645935,13.645935,13.645935,,,153.0
182,204883.0, Drop,69.0,,,,,,,,
183,206625.0, Touch,1554.9078,872.9846,13.696289000000002,13.696289000000002,13.696289000000002,13.696289000000002,,,115.0
184,207009.0, Drop,70.0,,,,,,,,
185,207624.0, Drop,71.0,,,,,,,,
186,207977.0, Drop,72.0,,,,,,,,
187,210180.0, Touch,1348.9508,749.9817,13.746642999999999,13.746642999999999,13.746642999999999,13.746642999999999,,,146.0
188,210325.0, Drop,73.0,,,,,,,,
189,210921.0, Drop,74.0,,,,,,,,
190,212364.0, Touch,1452.9456,463.0078,13.796997,13.796997,13.796997,13.796997,,,156.0
191,213357.0, Drop,75.0,,,,,,,,
192,215454.0, Touch,677.9645,140.00977,13.847351000000002,13.847351000000002,13.847351000000002,13.847351000000002,,,149.0
193,215661.0, Fight,390.0,,,,,,,,
194,215948.0, Fight,400.0,,,,,,,,
195,216771.0, Fight,410.0,,,,,,,,
196,217085.0, Fight,420.0,,,,,,,,
197,219018.0, Touch,679.9292,458.98682,13.897704999999998,13.897704999999998,13.897704999999998,13.897704999999998,,,143.0
198,219095.0, Fight,430.0,,,,,,,,
199,219839.0, Drop,76.0,,,,,,,,
200,222146.0, Touch,1308.9111,1040.9766,13.948058999999999,13.948058999999999,13.948058999999999,13.948058999999999,,,148.0
201,223287.0, Fight,440.0,,,,,,,,
202,223288.0, Fight,450.0,,,,,,,,
203,223294.0, Fight,460.0,,,,,,,,
204,225259.0, Touch,682.9779,266.01196,13.998413000000001,13.998413000000001,13.998413000000001,13.998413000000001,,,152.0
205,226534.0, Fight,470.0,,,,,,,,
206,228827.0, Touch,765.97046,946.9775400000001,14.048767000000002,14.048767000000002,14.048767000000002,14.048767000000002,,,156.0
207,229927.0, Fight,480.0,,,,,,,,
208,232417.0, Touch,758.9245599999999,199.00635,14.099120999999998,14.099120999999998,14.099120999999998,14.099120999999998,,,152.0
209,233628.0, Drop,77.0,,,,,,,,
210,233643.0, Fight,490.0,,,,,,,,
211,235697.0, Touch,705.9448,830.9949,14.149475,14.149475,14.149475,14.149475,,,199.0
212,236793.0, Fight,500.0,,,,,,,,
213,238180.0, Touch,1100.9216,65.028076,14.199829000000001,14.199829000000001,14.199829000000001,14.199829000000001,,,151.0
214,239164.0, Fight,510.0,,,,,,,,
215,240791.0, Touch,1292.9224,501.9983,14.250182999999998,14.250182999999998,14.250182999999998,14.250182999999998,,,165.0
216,241450.0, Fight,520.0,,,,,,,,
217,243262.0, Touch,920.9125,316.9995,14.300537,14.300537,14.300537,14.300537,,,149.0
218,243340.0, Drop,78.0,,,,,,,,
219,243728.0, Fight,530.0,,,,,,,,
220,245730.0, Touch,1611.8848,431.00464000000005,14.350891,14.350891,14.350891,14.350891,14.350891,14.350891,261.0
221,247028.0, Fight,540.0,,,,,,,,
222,248620.0, Touch,578.9154,169.01367,14.401245000000001,14.401245000000001,14.401245000000001,14.401245000000001,14.401245000000001,14.401245000000001,171.0
223,252864.0, Touch,1290.9576,913.9856,14.451599,14.451599,14.451599,14.451599,,,125.0
224,253267.0, Drop,79.0,,,,,,,,
225,256276.0, Touch,892.9321,269.01122999999995,14.501953,14.501953,14.501953,14.501953,,,118.0
226,257665.0, Drop,80.0,,,,,,,,
227,259807.0, Touch,848.9630000000001,112.02758999999999,14.552307,14.552307,14.552307,14.552307,,,128.0
228,260084.0, Drop,81.0,,,,,,,,
229,260740.0, Drop,82.0,,,,,,,,
230,260960.0, Drop,83.0,,,,,,,,
231,262269.0, Touch,915.49255,444.02344000000005,14.602661,14.602661,14.602661,14.602661,14.602661,14.602661,143.0
232,262826.0, Fight,550.0,,,,,,,,
233,264098.0, Touch,2062.8901,674.0112,14.653015,14.653015,14.653015,14.653015,,,116.0
234,265646.0, Fight,560.0,,,,,,,,
235,266597.0, Fight,570.0,,,,,,,,
236,268863.0, Touch,1516.9006,434.0204,14.703369,14.703369,14.703369,14.703369,14.703369,14.703369,184.0
237,269804.0, Drop,84.0,,,,,,,,
238,269806.0, Fight,580.0,,,,,,,,
239,272183.0, Touch,1470.899,604.00635,14.753723,14.753723,14.753723,14.753723,14.753723,14.753723,185.0
240,272967.0, Drop,85.0,,,,,,,,
241,274886.0, Touch,1556.9403,931.9812,14.804077,14.804077,14.804077,14.804077,14.804077,14.804077,153.0
242,275596.0, Fight,590.0,,,,,,,,
243,275599.0, Fight,600.0,,,,,,,,
244,275986.0, Drop,86.0,,,,,,,,
245,278090.0, Touch,904.9237,519.0051,14.854431,14.854431,14.854431,14.854431,,,119.0
246,278297.0, Drop,87.0,,,,,,,,
247,281848.0, Touch,1058.2859,1005.9741,14.904785,14.904785,14.904785,14.904785,14.904785,14.904785,134.0
248,282334.0, Fight,610.0,,,,,,,,
249,282354.0, Fight,620.0,,,,,,,,
250,282740.0, Fight,630.0,,,,,,,,
251,284985.0, Touch,1017.9291,1007.5067,14.955139,14.955139,14.955139,14.955139,14.955139,14.955139,168.0
252,285708.0, Drop,88.0,,,,,,,,
253,286020.0, Drop,89.0,,,,,,,,
254,286026.0, Fight,640.0,,,,,,,,
255,287609.0, Touch,666.9214,223.00048999999999,15.005493,15.005493,15.005493,15.005493,15.005493,15.005493,235.0
256,288121.0, Drop,90.0,,,,,,,,
257,288436.0, Drop,91.0,,,,,,,,
258,288839.0, Drop,92.0,,,,,,,,
259,290381.0, Touch,998.95935,533.0127,15.055847,15.055847,15.055847,15.055847,15.055847,15.055847,168.0
260,290717.0, Drop,93.0,,,,,,,,
261,292157.0, Touch,816.9177,650.9729,15.106201,15.106201,15.106201,15.106201,15.106201,15.106201,165.0
262,292657.0, Fight,650.0,,,,,,,,
263,293913.0, Touch,602.8147,724.01,15.156554999999999,15.156554999999999,15.156554999999999,15.156554999999999,15.156554999999999,15.156554999999999,235.0
264,294974.0, Drop,94.0,,,,,,,,
265,296676.0, Touch,1124.9048,210.19092999999998,15.206909,15.206909,15.206909,15.206909,15.206909,15.206909,234.0
266,297357.0, Drop,95.0,,,,,,,,
267,297683.0, Fight,660.0,,,,,,,,
268,298055.0, Touch,1101.9379,331.00708,15.257263,15.257263,15.257263,15.257263,15.257263,15.257263,240.0
269,300344.0, Touch,2051.9146,158.00537,15.307617,15.307617,15.307617,15.307617,15.307617,15.307617,180.0
