,Time,Event,X-coord,Y-coord,down-contact-minor,down-contact-major,up-contact-minor,up-contact-major,average-move-contact-minor,average-move-contact-major,move-time
0,1.0, Touch,1255.9314,284.99634,,,0.050354004,0.050354004,,,
1,55101.0, Touch,1858.8977,593.9868,0.10070801,0.10070801,0.10070801,0.10070801,,,1.0
2,57086.0, Drop,1.0,,,,,,,,
3,62536.0, Touch,1879.8999,811.9775400000001,0.15106201,0.15106201,0.15106201,0.15106201,,,2.0
4,63211.0, Touch,1697.9260000000002,742.0056,0.20141602,0.20141602,0.20141602,0.20141602,,,1.0
5,63212.0, Touch,1513.9197,671.0119599999999,0.25177002,0.25177002,0.25177002,0.25177002,,,0.0
6,68440.0, Touch,1037.915,622.9907,0.30212402,0.30212402,0.30212402,0.30212402,,,1.0
7,68578.0, Drop,2.0,,,,,,,,
8,74381.0, Touch,912.9181,455.98755,0.35247803,0.35247803,0.35247803,0.35247803,,,1.0
9,74939.0, Drop,3.0,,,,,,,,
10,82633.0, Touch,1666.8970000000002,521.0156,0.40283203,0.40283203,0.40283203,0.40283203,,,2.0
11,82634.0, Touch,1584.9207,518.01636,0.45318604,0.45318604,0.45318604,0.45318604,,,0.0
12,82635.0, Touch,1500.9119,516.00586,0.50354004,0.50354004,0.50354004,0.50354004,,,0.0
13,88691.0, Touch,1841.8927,416.0083,0.55389404,0.55389404,0.55389404,0.55389404,,,3.0
14,90168.0, Drop,4.0,,,,,,,,
15,90702.0, Fight,10.0,,,,,,,,
16,91196.0, Drop,5.0,,,,,,,,
17,200038.0, Touch,670.9186,378.99536,0.60424805,0.60424805,0.60424805,0.60424805,,,167.0
18,222710.0, Touch,691.9208,381.99463,0.65460205,0.65460205,0.65460205,0.65460205,,,87.0
19,241489.0, Touch,1445.8997,614.9817,0.70495605,0.70495605,0.70495605,0.70495605,,,174.0
20,244015.0, Touch,1111.9647,481.00342,0.75531006,0.75531006,0.75531006,0.75531006,,,134.0
21,401780.0, Touch,1658.9026,869.98535,0.80566406,0.80566406,0.80566406,0.80566406,,,1.0
22,406257.0, Touch,1061.9660000000001,869.98535,0.85601807,0.85601807,0.85601807,0.85601807,,,2.0
23,407225.0, Fight,20.0,,,,,,,,
24,408638.0, Touch,1062.9144,815.99854,0.9063720999999999,0.9063720999999999,0.9063720999999999,0.9063720999999999,,,3.0
25,409147.0, Touch,1066.9116,763.0005,0.9567261,0.9567261,0.9567261,0.9567261,,,1.0
26,409589.0, Fight,30.0,,,,,,,,
27,409679.0, Touch,1067.9279,710.0024400000001,1.0070801,1.0070801,1.0070801,1.0070801,,,4.0
28,410201.0, Touch,1389.9389999999999,727.99805,1.0574341,1.0574341,1.0574341,1.0574341,,,1.0
29,410791.0, Touch,1318.9379999999999,674.0112,1.1077881,1.1077881,1.1077881,1.1077881,,,1.0
30,411369.0, Touch,1245.9045,621.0132,1.1581421,1.1581421,1.1581421,1.1581421,,,1.0
31,411402.0, Drop,6.0,,,,,,,,
32,414382.0, Touch,722.9498,552.98584,1.2084961,1.2084961,1.2084961,1.2084961,,,2.0
33,414887.0, Touch,773.96484,545.00977,1.2588501,1.2588501,1.2588501,1.2588501,,,2.0
34,414976.0, Fight,40.0,,,,,,,,
35,415417.0, Touch,824.9121,537.00073,1.3092041,1.3092041,1.3092041,1.3092041,,,2.0
36,415998.0, Touch,874.9109,528.9917,1.3595581,1.3595581,1.3595581,1.3595581,,,1.0
37,418228.0, Touch,18.969727,67.005615,1.4099121000000001,1.4099121000000001,1.4099121000000001,1.4099121000000001,,,2.0
38,418737.0, Touch,263.9502,167.00316999999998,1.4602661,1.4602661,1.4602661,1.4602661,,,0.0
39,419069.0, Fight,50.0,,,,,,,,
40,419270.0, Fight,60.0,,,,,,,,
41,422463.0, Touch,463.9453,563.0054,1.5106201000000001,1.5106201000000001,1.5106201000000001,1.5106201000000001,,,1.0
42,422900.0, Touch,606.9635,548.0090299999999,1.5609741000000001,1.5609741000000001,1.5609741000000001,1.5609741000000001,,,2.0
43,423501.0, Fight,70.0,,,,,,,,
44,426871.0, Touch,1387.9065,657.99316,1.6113281000000002,1.6113281000000002,1.6113281000000002,1.6113281000000002,,,0.0
45,427386.0, Touch,1343.9374,636.0095,1.6616821,1.6616821,1.6616821,1.6616821,,,4.0
46,427897.0, Touch,1298.952,613.00415,1.7120361000000002,1.7120361000000002,1.7120361000000002,1.7120361000000002,,,1.0
47,430485.0, Touch,1686.8829,631.9885,1.7623901000000002,1.7623901000000002,1.7623901000000002,1.7623901000000002,,,0.0
48,430556.0, Fight,80.0,,,,,,,,
49,430985.0, Touch,1545.8972,601.99585,1.8127441000000002,1.8127441000000002,1.8127441000000002,1.8127441000000002,,,1.0
50,433775.0, Touch,2033.8934,840.98145,1.8630981,1.8630981,1.8630981,1.8630981,,,0.0
51,433906.0, Fight,90.0,,,,,,,,
52,435026.0, Fight,100.0,,,,,,,,
53,439933.0, Touch,874.9109,546.9873,1.9134521,1.9134521,1.9134521,1.9134521,,,3.0
54,446631.0, Touch,754.92737,445.0122,1.9638061999999998,1.9638061999999998,1.9638061999999998,1.9638061999999998,,,2.0
55,447130.0, Touch,801.9452,452.98828,2.0141602,2.0141602,2.0141602,2.0141602,,,1.0
56,447552.0, Drop,7.0,,,,,,,,
57,449851.0, Touch,1043.9447,639.9975599999999,2.0645142,2.0645142,2.0645142,2.0645142,,,1.0
58,449968.0, Fight,110.0,,,,,,,,
59,456430.0, Touch,1167.9254,187.00928000000002,2.1148682,2.1148682,2.1148682,2.1148682,,,1.0
60,456932.0, Touch,1155.9338,230.02075,2.1652222,2.1652222,2.1652222,2.1652222,,,1.0
61,457372.0, Drop,8.0,,,,,,,,
62,460769.0, Touch,880.94055,474.0161,2.2155762,2.2155762,2.2155762,2.2155762,,,3.0
63,461089.0, Fight,120.0,,,,,,,,
64,461276.0, Touch,907.9046599999999,477.01538,2.2659302,2.2659302,2.2659302,2.2659302,,,1.0
65,464526.0, Touch,1167.9254,405.98877000000005,2.3162842,2.3162842,2.3162842,2.3162842,,,2.0
66,464861.0, Drop,9.0,,,,,,,,
67,465028.0, Touch,1155.9338,419.00757000000004,2.3666382,2.3666382,2.3666382,2.3666382,,,0.0
68,465347.0, Drop,10.0,,,,,,,,
69,472251.0, Touch,2181.925,64.00635,2.4169922,2.4169922,2.4169922,2.4169922,,,207.0
