,Time,Event,X-coord,Y-coord,down-contact-minor,down-contact-major,up-contact-minor,up-contact-major,average-move-contact-minor,average-move-contact-major,move-time
0,1.0, Touch,1376.9312,284.00757000000004,,,2.4673462,2.4673462,,,
1,8450.0, Touch,1343.9374,368.02002000000005,2.5177002,2.5177002,2.5177002,2.5177002,,,1.0
2,11967.0, Touch,1253.8989,513.0066,2.5680542,2.5680542,2.5680542,2.5680542,,,0.0
3,12106.0, Fight,10.0,,,,,,,,
4,18035.0, Touch,1778.8861,792.0044,2.6184082,2.6184082,2.6184082,2.6184082,,,1.0
5,21452.0, Touch,2005.9131,995.98755,2.6687622,2.6687622,2.6687622,2.6687622,,,2.0
6,21908.0, Drop,1.0,,,,,,,,
7,21909.0, Drop,2.0,,,,,,,,
8,22142.0, Drop,3.0,,,,,,,,
9,22891.0, Fight,20.0,,,,,,,,
10,25175.0, Touch,1195.9058,796.9812,2.7191162,2.7191162,2.7191162,2.7191162,,,3.0
11,25672.0, Touch,1179.917,754.99146,2.7694702,2.7694702,2.7694702,2.7694702,,,1.0
12,25743.0, Drop,4.0,,,,,,,,
13,27866.0, Touch,577.9669,434.0039,2.8198242000000002,2.8198242000000002,2.8198242000000002,2.8198242000000002,,,1.0
14,31104.0, Touch,1061.9660000000001,309.02344,2.8701782000000002,2.8701782000000002,2.8701782000000002,2.8701782000000002,,,1.0
15,34875.0, Touch,1176.9360000000001,604.9951,2.9205322,2.9205322,2.9205322,2.9205322,,,3.0
16,35343.0, Touch,1161.9635,589.01,2.9708862000000003,2.9708862000000003,2.9708862000000003,2.9708862000000003,,,1.0
17,35397.0, Fight,30.0,,,,,,,,
18,42663.0, Touch,1119.9591,275.99854,3.0212402000000003,3.0212402000000003,3.0212402000000003,3.0212402000000003,,,0.0
19,43090.0, Drop,5.0,,,,,,,,
20,43169.0, Touch,1109.9323,327.01904,3.0715942000000003,3.0715942000000003,3.0715942000000003,3.0715942000000003,,,2.0
21,43673.0, Touch,1100.9216,377.01782000000003,3.1219482000000003,3.1219482000000003,3.1219482000000003,3.1219482000000003,,,4.0
22,44188.0, Touch,1090.9625,428.99414,3.1723022000000003,3.1723022000000003,3.1723022000000003,3.1723022000000003,,,1.0
23,47233.0, Touch,767.9352,274.02099999999996,3.2226562000000003,3.2226562000000003,3.2226562000000003,3.2226562000000003,,,2.0
24,47277.0, Fight,40.0,,,,,,,,
25,47731.0, Touch,840.9686,325.9973,3.2730102999999997,3.2730102999999997,3.2730102999999997,3.2730102999999997,,,3.0
26,47930.0, Fight,50.0,,,,,,,,
27,48224.0, Touch,911.9696,375.9961,3.3233642999999997,3.3233642999999997,3.3233642999999997,3.3233642999999997,,,0.0
28,51178.0, Touch,417.94372999999996,861.9763,3.3737182999999997,3.3737182999999997,3.3737182999999997,3.3737182999999997,,,3.0
29,51677.0, Touch,570.9209999999999,777.9968,3.4240722999999997,3.4240722999999997,3.4240722999999997,3.4240722999999997,,,0.0
30,55180.0, Touch,373.9746,639.9975599999999,3.4744262999999997,3.4744262999999997,3.4744262999999997,3.4744262999999997,,,2.0
31,55700.0, Touch,473.97217,619.0027,3.5247803,3.5247803,3.5247803,3.5247803,,,0.0
32,57137.0, Fight,60.0,,,,,,,,
33,61849.0, Touch,878.9081,439.01367,3.5751343,3.5751343,3.5751343,3.5751343,,,4.0
34,62351.0, Touch,907.9046599999999,446.98975,3.6254883,3.6254883,3.6254883,3.6254883,,,1.0
35,68015.0, Touch,1657.8864,451.9995,3.6758422999999993,3.6758422999999993,3.6758422999999993,3.6758422999999993,,,1.0
36,75817.0, Touch,1287.9089,510.9961,3.7261963,3.7261963,3.7261963,3.7261963,,,3.0
37,76322.0, Touch,1256.9476,507.99683,3.7765503,3.7765503,3.7765503,3.7765503,,,2.0
38,76820.0, Touch,1227.951,505.98633,3.8269043,3.8269043,3.8269043,3.8269043,,,1.0
39,81983.0, Touch,917.9315,610.99365,3.8772583,3.8772583,3.8772583,3.8772583,,,2.0
40,82337.0, Drop,6.0,,,,,,,,
41,88350.0, Touch,822.9474,681.9873,3.9276123,3.9276123,3.9276123,3.9276123,,,2.0
42,88791.0, Drop,7.0,,,,,,,,
43,88850.0, Touch,882.9730000000001,639.9975599999999,3.9779663,3.9779663,3.9779663,3.9779663,,,1.0
44,94688.0, Touch,1768.9270000000001,601.99585,4.0283203,4.0283203,4.0283203,4.0283203,,,5.0
45,95114.0, Touch,1670.8942,586.9995,4.078674299999999,4.078674299999999,4.078674299999999,4.078674299999999,,,1.0
46,102433.0, Touch,1524.895,484.99145999999996,4.1290283,4.1290283,4.1290283,4.1290283,,,3.0
47,102950.0, Touch,1461.8884,487.00195,4.179382299999999,4.179382299999999,4.179382299999999,4.179382299999999,,,2.0
48,103439.0, Touch,1397.9333,489.01245,4.2297363,4.2297363,4.2297363,4.2297363,,,1.0
49,103641.0, Drop,8.0,,,,,,,,
50,105914.0, Touch,1098.9569,552.98584,4.2800902999999995,4.2800902999999995,4.2800902999999995,4.2800902999999995,,,1.0
51,110193.0, Touch,1716.8958,534.99023,4.3304443,4.3304443,4.3304443,4.3304443,,,3.0
52,110694.0, Touch,1626.925,531.0022,4.3807983,4.3807983,4.3807983,4.3807983,,,2.0
53,111196.0, Touch,1534.9219,524.0149,4.4311523,4.4311523,4.4311523,4.4311523,,,2.0
54,115750.0, Touch,1248.9532,546.9873,4.4815062999999995,4.4815062999999995,4.4815062999999995,4.4815062999999995,,,2.0
55,115895.0, Fight,70.0,,,,,,,,
56,116263.0, Touch,1224.9023,540.0,4.5318604,4.5318604,4.5318604,4.5318604,,,2.0
57,116762.0, Touch,1200.9192,531.9909700000001,4.5822144,4.5822144,4.5822144,4.5822144,,,3.0
58,117318.0, Touch,1174.9036,525.99243,4.6325684,4.6325684,4.6325684,4.6325684,,,1.0
59,123115.0, Touch,990.9649699999999,725.98755,4.6829224,4.6829224,4.6829224,4.6829224,,,2.0
60,123703.0, Touch,1003.905,693.9844,4.7332764,4.7332764,4.7332764,4.7332764,,,5.0
61,124081.0, Drop,9.0,,,,,,,,
62,124328.0, Touch,1016.9128400000001,660.99243,4.783630400000001,4.783630400000001,4.783630400000001,4.783630400000001,,,1.0
63,127694.0, Touch,1106.9513,666.0022,4.8339844,4.8339844,4.8339844,4.8339844,,,1.0
64,128194.0, Touch,1101.9379,642.00806,4.884338400000001,4.884338400000001,4.884338400000001,4.884338400000001,,,2.0
65,128708.0, Touch,1098.9569,618.0139,4.9346924,4.9346924,4.9346924,4.9346924,,,2.0
66,129278.0, Touch,1093.9435,593.9868,4.985046400000001,4.985046400000001,4.985046400000001,4.985046400000001,,,1.0
67,131916.0, Touch,1216.9080000000001,324.01977999999997,5.0354004,5.0354004,5.0354004,5.0354004,,,3.0
68,132415.0, Touch,1195.9058,348.01392000000004,5.0857544,5.0857544,5.0857544,5.0857544,,,2.0
69,132916.0, Touch,1176.9360000000001,374.01855,5.1361084,5.1361084,5.1361084,5.1361084,,,1.0
70,133044.0, Fight,80.0,,,,,,,,
71,135561.0, Touch,1159.931,814.9768,5.1864624,5.1864624,5.1864624,5.1864624,,,1.0
72,138664.0, Touch,1122.9401,616.0034,5.2368164,5.2368164,5.2368164,5.2368164,,,2.0
73,139165.0, Touch,1116.9104,599.98535,5.287170400000001,5.287170400000001,5.287170400000001,5.287170400000001,,,1.0
74,139346.0, Fight,90.0,,,,,,,,
75,145740.0, Touch,633.9276,90.01099,5.3375244,5.3375244,5.3375244,5.3375244,,,1.0
76,146918.0, Fight,100.0,,,,,,,,
77,154834.0, Touch,1172.9388,272.0105,5.387878400000001,5.387878400000001,5.387878400000001,5.387878400000001,,,4.0
78,155231.0, Touch,1156.9501,309.02344,5.4382324,5.4382324,5.4382324,5.4382324,,,1.0
79,161072.0, Touch,1184.9304,498.01025,5.4885864,5.4885864,5.4885864,5.4885864,,,0.0
80,161203.0, Fight,110.0,,,,,,,,
81,585393.0, Touch,2188.9033,80.02441400000001,5.5389404,5.5389404,5.5389404,5.5389404,,,151.0
