,Time,Event,X-coord,Y-coord,down-contact-minor,down-contact-major,up-contact-minor,up-contact-major,average-move-contact-minor,average-move-contact-major,move-time
0,0.0, Touch,1225.9186,325.00854,,,8.811950999999999,8.811950999999999,,,
1,2261.0, Touch,1475.9125,498.01025,8.862305000000001,8.862305000000001,8.862305000000001,8.862305000000001,,,1.0
2,5623.0, Touch,1222.9376,527.01416,8.912659,8.912659,8.912659,8.912659,,,3.0
3,9401.0, Touch,849.9115,654.9939,8.963013,8.963013,8.963013,8.963013,,,3.0
4,9488.0, Fight,10.0,,,,,,,,
5,9904.0, Touch,902.959,619.0027,9.013367,9.013367,9.013367,9.013367,,,1.0
6,15209.0, Touch,1402.9468,431.9934,9.063721000000001,9.063721000000001,9.063721000000001,9.063721000000001,,,0.0
7,22810.0, Touch,1280.9308,478.00415,9.114075,9.114075,9.114075,9.114075,,,1.0
8,23310.0, Touch,1251.9342,478.99292,9.164429,9.164429,9.164429,9.164429,,,4.0
9,23806.0, Touch,1222.9376,481.9922,9.214783,9.214783,9.214783,9.214783,,,0.0
10,27838.0, Touch,993.9459,599.98535,9.265137,9.265137,9.265137,9.265137,,,5.0
11,28336.0, Touch,1006.95374,584.989,9.315491,9.315491,9.315491,9.315491,,,5.0
12,28828.0, Touch,1018.9453,571.0144,9.365845,9.365845,9.365845,9.365845,,,1.0
13,29426.0, Touch,1029.9207,554.99634,9.416199,9.416199,9.416199,9.416199,,,1.0
14,33892.0, Touch,1145.907,577.0129400000001,9.466553,9.466553,9.466553,9.466553,,,1.0
15,40021.0, Touch,1591.8988,312.0227,9.516907000000002,9.516907000000002,9.516907000000002,9.516907000000002,,,3.0
16,40513.0, Touch,1473.9478,355.00122000000005,9.567261,9.567261,9.567261,9.567261,,,0.0
17,41054.0, Drop,1.0,,,,,,,,
18,43496.0, Touch,1145.907,531.9909700000001,9.617614999999999,9.617614999999999,9.617614999999999,9.617614999999999,,,3.0
19,49556.0, Touch,1882.8809,510.9961,9.667969,9.667969,9.667969,9.667969,,,0.0
20,51203.0, Fight,20.0,,,,,,,,
21,54785.0, Touch,1906.9318,675.9888,9.718323,9.718323,9.718323,9.718323,,,2.0
22,55363.0, Touch,1901.9183,680.00977,9.768677,9.768677,9.768677,9.768677,,,2.0
23,55946.0, Drop,2.0,,,,,,,,
24,58320.0, Touch,1897.9211,675.9888,9.819030999999999,9.819030999999999,9.819030999999999,9.819030999999999,,,2.0
25,58815.0, Touch,1901.9183,672.00073,9.869385000000001,9.869385000000001,9.869385000000001,9.869385000000001,,,1.0
26,59318.0, Touch,1650.9082,950.99854,9.919739,9.919739,9.919739,9.919739,,,1.0
27,59850.0, Touch,1518.9331,845.9912,9.970092999999999,9.970092999999999,9.970092999999999,9.970092999999999,,,2.0
28,60443.0, Touch,1385.9418,739.9951,10.020447,10.020447,10.020447,10.020447,,,1.0
29,62840.0, Touch,1253.8989,634.9878,10.070801,10.070801,10.070801,10.070801,,,2.0
30,63342.0, Touch,217.94861,574.0137,10.121155,10.121155,10.121155,10.121155,,,2.0
31,63845.0, Touch,475.9369,549.9866,10.171509,10.171509,10.171509,10.171509,,,5.0
32,64344.0, Touch,733.9252,527.01416,10.221863,10.221863,10.221863,10.221863,,,2.0
33,65064.0, Fight,30.0,,,,,,,,
34,67722.0, Touch,481.96655,296.9934,10.272217,10.272217,10.272217,10.272217,,,3.0
35,68128.0, Touch,567.94006,325.00854,10.322571,10.322571,10.322571,10.322571,,,3.0
36,68625.0, Touch,652.9651,354.01245,10.372925,10.372925,10.372925,10.372925,,,1.0
37,69392.0, Fight,40.0,,,,,,,,
38,73266.0, Touch,1269.9554,140.00977,10.423278999999999,10.423278999999999,10.423278999999999,10.423278999999999,,,1.0
39,73767.0, Touch,1241.9073,189.01978,10.473633,10.473633,10.473633,10.473633,,,2.0
40,74272.0, Touch,1214.9432,240.9961,10.523987,10.523987,10.523987,10.523987,,,2.0
41,74281.0, Drop,3.0,,,,,,,,
42,74777.0, Touch,1187.9114,292.0166,10.574341,10.574341,10.574341,10.574341,,,2.0
43,80091.0, Touch,1055.9363,815.99854,10.624695,10.624695,10.624695,10.624695,,,0.0
44,80614.0, Drop,4.0,,,,,,,,
45,86687.0, Touch,961.9684,681.9873,10.675049000000001,10.675049000000001,10.675049000000001,10.675049000000001,,,3.0
46,87200.0, Touch,989.9487,639.9975599999999,10.725403,10.725403,10.725403,10.725403,,,2.0
47,87712.0, Touch,1014.9481,596.9861,10.775757,10.775757,10.775757,10.775757,,,2.0
48,92575.0, Touch,2035.9259,428.99414,10.826111000000001,10.826111000000001,10.826111000000001,10.826111000000001,,,1.0
49,93193.0, Drop,5.0,,,,,,,,
50,94634.0, Drop,6.0,,,,,,,,
51,99751.0, Touch,1304.914,431.9934,10.876465,10.876465,10.876465,10.876465,,,2.0
52,100252.0, Touch,1272.9364,440.9912,10.926819,10.926819,10.926819,10.926819,,,1.0
53,106032.0, Touch,185.97107,605.9839,10.977172999999999,10.977172999999999,10.977172999999999,10.977172999999999,,,1.0
54,107588.0, Drop,7.0,,,,,,,,
55,112070.0, Touch,844.9658,537.00073,11.027527000000001,11.027527000000001,11.027527000000001,11.027527000000001,,,1.0
56,112236.0, Drop,8.0,,,,,,,,
57,119737.0, Touch,1422.9327,834.9829,11.077881,11.077881,11.077881,11.077881,,,2.0
58,126736.0, Touch,1372.934,787.9834,11.128235,11.128235,11.128235,11.128235,,,4.0
59,127247.0, Touch,1330.9296,745.99365,11.178589,11.178589,11.178589,11.178589,,,3.0
60,127402.0, Drop,9.0,,,,,,,,
61,127796.0, Touch,1288.9252,704.0039,11.228943,11.228943,11.228943,11.228943,,,3.0
62,128352.0, Touch,1245.9045,663.0029,11.279297,11.279297,11.279297,11.279297,,,1.0
63,130433.0, Touch,1222.9376,774.0088,11.329651,11.329651,11.329651,11.329651,,,4.0
64,130935.0, Touch,1201.9354,734.98535,11.380005,11.380005,11.380005,11.380005,,,1.0
65,133757.0, Touch,230.95642,560.0061,11.430359,11.430359,11.430359,11.430359,,,6.0
66,134259.0, Touch,483.93127000000004,540.0,11.480713,11.480713,11.480713,11.480713,,,1.0
67,135725.0, Fight,50.0,,,,,,,,
68,136987.0, Touch,1016.9128400000001,784.9841299999999,11.531067,11.531067,11.531067,11.531067,,,1.0
69,137308.0, Drop,10.0,,,,,,,,
70,142861.0, Touch,1009.9347,783.0066,11.581421,11.581421,11.581421,11.581421,,,1.0
71,143243.0, Fight,60.0,,,,,,,,
72,146272.0, Touch,612.9254,478.00415,11.631775,11.631775,11.631775,11.631775,,,3.0
73,146773.0, Touch,678.91296,481.00342,11.682129,11.682129,11.682129,11.682129,,,1.0
74,146798.0, Fight,70.0,,,,,,,,
75,147028.0, Fight,80.0,,,,,,,,
76,147795.0, Fight,90.0,,,,,,,,
77,154201.0, Touch,424.92188,275.00977,11.732483,11.732483,11.732483,11.732483,,,4.0
78,154512.0, Fight,100.0,,,,,,,,
79,154706.0, Touch,517.9413,307.01294,11.782836999999999,11.782836999999999,11.782836999999999,11.782836999999999,,,3.0
80,155210.0, Touch,610.9607,339.0161,11.833191000000001,11.833191000000001,11.833191000000001,11.833191000000001,,,3.0
81,155717.0, Touch,704.9286,369.99756,11.883545,11.883545,11.883545,11.883545,,,2.0
82,156548.0, Drop,11.0,,,,,,,,
83,159386.0, Touch,520.92224,437.00317,11.933899,11.933899,11.933899,11.933899,,,2.0
84,159531.0, Drop,12.0,,,,,,,,
85,159973.0, Touch,599.9176,445.0122,11.984253,11.984253,11.984253,11.984253,,,2.0
86,160565.0, Touch,679.9292,454.99877999999995,12.034607000000001,12.034607000000001,12.034607000000001,12.034607000000001,,,3.0
87,162706.0, Touch,906.9562,296.9934,12.084961,12.084961,12.084961,12.084961,,,1.0
88,166702.0, Touch,1385.9418,604.9951,12.135315,12.135315,12.135315,12.135315,,,5.0
89,167211.0, Touch,1341.9049,589.9988,12.185669,12.185669,12.185669,12.185669,,,3.0
90,167783.0, Fight,110.0,,,,,,,,
91,171596.0, Touch,1336.8915,507.99683,12.236023,12.236023,12.236023,12.236023,,,4.0
92,171640.0, Fight,120.0,,,,,,,,
93,172100.0, Touch,1277.9498,507.00805999999994,12.286377,12.286377,12.286377,12.286377,,,2.0
94,172335.0, Drop,13.0,,,,,,,,
95,172610.0, Touch,1216.9080000000001,502.98706,12.336731,12.336731,12.336731,12.336731,,,5.0
96,173163.0, Touch,1156.9501,499.9878,12.387085,12.387085,12.387085,12.387085,,,2.0
97,174959.0, Touch,1533.9056,724.01,12.437439,12.437439,12.437439,12.437439,,,2.0
98,179217.0, Touch,987.91626,627.0117,12.487793,12.487793,12.487793,12.487793,,,1.0
99,179695.0, Drop,14.0,,,,,,,,
100,179736.0, Touch,1000.9241,610.0049,12.538147,12.538147,12.538147,12.538147,,,5.0
101,180086.0, Drop,15.0,,,,,,,,
102,180251.0, Touch,1013.9319,589.9988,12.588500999999999,12.588500999999999,12.588500999999999,12.588500999999999,,,1.0
103,182138.0, Touch,956.9549599999999,527.01416,12.638855,12.638855,12.638855,12.638855,,,2.0
104,200911.0, Touch,1278.8983,607.9944,12.689209,12.689209,12.689209,12.689209,,,127.0
105,990444.0, Touch,2178.8765,90.999756,12.739563,12.739563,12.739563,12.739563,12.739563,12.739563,126.0
