,Time,Event,X-coord,Y-coord,down-contact-minor,down-contact-major,up-contact-minor,up-contact-major,average-move-contact-minor,average-move-contact-major,move-time
0,19.0, Touch,1293.9386,296.9934,,,0.45318604,0.45318604,,,
1,9838.0, Touch,1542.9163,328.99658,0.50354004,0.50354004,0.50354004,0.50354004,,,79.0
2,11528.0, Fight,10.0,,,,,,,,
3,14232.0, Touch,1098.9569,965.9949,0.55389404,0.55389404,0.55389404,0.55389404,,,143.0
4,21639.0, Touch,849.9115,933.9917,0.60424805,0.60424805,0.60424805,0.60424805,,,333.0
5,24412.0, Drop,1.0,,,,,,,,
6,25139.0, Touch,1053.4431,246.00586,0.65460205,0.65460205,0.65460205,0.65460205,0.65460205,0.65460205,272.0
7,25307.0, Drop,2.0,,,,,,,,
8,26741.0, Fight,20.0,,,,,,,,
9,29188.0, Touch,1066.9116,343.99292,0.70495605,0.70495605,0.70495605,0.70495605,0.70495605,0.70495605,136.0
10,29783.0, Drop,3.0,,,,,,,,
11,29791.0, Fight,30.0,,,,,,,,
12,33978.0, Touch,1357.8937,701.9934,0.75531006,0.75531006,0.75531006,0.75531006,0.75531006,0.75531006,180.0
13,36749.0, Touch,910.95337,416.0083,0.80566406,0.80566406,0.80566406,0.80566406,,,61.0
14,37637.0, Touch,1692.9126,534.99023,0.85601807,0.85601807,0.85601807,0.85601807,0.8560180700000001,0.8560180700000001,706.0
15,40413.0, Touch,1370.9015,372.99683,0.9063720999999999,0.9063720999999999,0.9063720999999999,0.9063720999999999,0.9063720999999999,0.9063720999999999,248.0
16,41288.0, Drop,4.0,,,,,,,,
17,41911.0, Fight,40.0,,,,,,,,
18,44607.0, Touch,1722.9254,711.98,0.9567261,0.9567261,0.9567261,0.9567261,,,116.0
19,45217.0, Fight,50.0,,,,,,,,
20,46285.0, Fight,60.0,,,,,,,,
21,49159.0, Touch,506.96594000000005,584.0002400000001,1.0070801,1.0070801,1.0070801,1.0070801,,,118.0
22,51181.0, Fight,70.0,,,,,,,,
23,54371.0, Touch,1436.889,654.0051,1.0574341,1.0574341,1.0574341,1.0574341,1.0574341,1.0574341,126.0
24,55160.0, Fight,80.0,,,,,,,,
25,58071.0, Touch,1104.9188,769.9878,1.1077881,1.1077881,1.1077881,1.1077881,1.1077881,1.1077881,159.0
26,58398.0, Drop,5.0,,,,,,,,
27,62300.0, Touch,1857.8815,781.9848599999999,1.1581421,1.1581421,1.1581421,1.1581421,,,188.0
28,63427.0, Drop,6.0,,,,,,,,
29,66080.0, Touch,537.92725,607.0056,1.2084961,1.2084961,1.2084961,1.2084961,,,167.0
30,67522.0, Drop,7.0,,,,,,,,
31,69792.0, Touch,850.9277300000001,692.9956,1.2588501,1.2588501,1.2588501,1.2588501,1.2588501,1.2588501,193.0
32,71189.0, Fight,90.0,,,,,,,,
33,75592.0, Touch,1048.9581,340.00487999999996,1.3092041,1.3092041,1.3092041,1.3092041,,,173.0
34,81734.0, Touch,1248.9532,1044.9976,1.3595581,1.3595581,1.3595581,1.3595581,,,166.0
35,85502.0, Touch,1037.915,313.01147000000003,1.4099121000000001,1.4099121000000001,1.4099121000000001,1.4099121000000001,,,181.0
36,85702.0, Drop,8.0,,,,,,,,
37,85706.0, Fight,100.0,,,,,,,,
38,88481.0, Touch,1035.9503,828.9844,1.4602661,1.4602661,1.4602661,1.4602661,1.4602661,1.4602661,150.0
39,88909.0, Fight,110.0,,,,,,,,
40,91470.0, Touch,1099.9054,259.02466,1.5106201000000001,1.5106201000000001,1.5106201000000001,1.5106201000000001,1.5106201000000001,1.5106201000000001,161.0
41,91793.0, Drop,9.0,,,,,,,,
42,94958.0, Touch,542.43256,848.9905,1.5609741000000001,1.5609741000000001,1.5609741000000001,1.5609741000000001,1.5609741000000001,1.5609741000000001,80.0
43,97292.0, Fight,120.0,,,,,,,,
44,98901.0, Drop,10.0,,,,,,,,
45,102208.0, Touch,865.9680000000001,598.9966,1.6113281000000002,1.6113281000000002,1.6113281000000002,1.6113281000000002,1.6113281000000002,1.6113281000000002,100.0
46,103077.0, Drop,11.0,,,,,,,,
47,105393.0, Touch,946.9281,401.01196,1.6616821,1.6616821,1.6616821,1.6616821,,,119.0
48,106397.0, Fight,130.0,,,,,,,,
49,108209.0, Touch,1619.9469,498.99902000000003,1.7120361000000002,1.7120361000000002,1.7120361000000002,1.7120361000000002,1.7120361000000002,1.7120361000000002,149.0
50,109576.0, Fight,140.0,,,,,,,,
51,118521.0, Touch,468.95874000000003,165.02563,1.7623901000000002,1.7623901000000002,1.7623901000000002,1.7623901000000002,,,182.0
52,118730.0, Fight,150.0,,,,,,,,
53,120237.0, Fight,160.0,,,,,,,,
54,136261.0, Touch,998.95935,217.00195,1.8127441000000002,1.8127441000000002,1.8127441000000002,1.8127441000000002,1.8127441000000002,1.8127441000000002,349.0
55,137127.0, Drop,12.0,,,,,,,,
56,139966.0, Touch,1608.9038,866.9861,1.8630981,1.8630981,1.8630981,1.8630981,1.8630981,1.8630981,221.0
57,142322.0, Fight,170.0,,,,,,,,
58,142931.0, Drop,13.0,,,,,,,,
59,144742.0, Touch,1190.9601,700.4773,1.9134521,1.9134521,1.9134521,1.9134521,1.9134521,1.9134521,172.0
60,145419.0, Fight,180.0,,,,,,,,
61,149751.0, Touch,1496.9147,205.00488,1.9638061999999998,1.9638061999999998,1.9638061999999998,1.9638061999999998,1.9638061999999998,1.9638061999999998,320.0
62,151163.0, Fight,190.0,,,,,,,,
63,154397.0, Touch,465.97778,384.00513,2.0141602,2.0141602,2.0141602,2.0141602,2.0141602,2.0141602,149.0
64,156776.0, Drop,14.0,,,,,,,,
65,158931.0, Touch,1699.8907,493.0005,2.0645142,2.0645142,2.0645142,2.0645142,,,119.0
66,160670.0, Fight,200.0,,,,,,,,
67,163287.0, Touch,871.9299300000001,122.01416,2.1148682,2.1148682,2.1148682,2.1148682,,,109.0
68,163656.0, Drop,15.0,,,,,,,,
69,164384.0, Fight,210.0,,,,,,,,
70,168220.0, Touch,1667.9132,775.9863,2.1652222,2.1652222,2.1652222,2.1652222,,,172.0
71,169697.0, Fight,220.0,,,,,,,,
72,171068.0, Drop,16.0,,,,,,,,
73,173247.0, Touch,1209.9298,605.9839,2.2155762,2.2155762,2.2155762,2.2155762,,,126.0
74,173347.0, Fight,230.0,,,,,,,,
75,173860.0, Fight,240.0,,,,,,,,
76,175896.0, Touch,1436.889,263.0127,2.2659302,2.2659302,2.2659302,2.2659302,2.2659302,2.2659302,151.0
77,177008.0, Drop,17.0,,,,,,,,
78,177018.0, Drop,18.0,,,,,,,,
79,177023.0, Fight,250.0,,,,,,,,
80,177451.0, Fight,260.0,,,,,,,,
81,179076.0, Touch,1032.9016,693.9844,2.3162842,2.3162842,2.3162842,2.3162842,2.3162842,2.3162842,179.0
82,179271.0, Fight,270.0,,,,,,,,
83,181311.0, Touch,1337.9077,592.99805,2.3666382,2.3666382,2.3666382,2.3666382,,,133.0
84,181683.0, Drop,19.0,,,,,,,,
85,183429.0, Touch,1426.9299,873.9734,2.4169922,2.4169922,2.4169922,2.4169922,2.4169922,2.4169922,204.0
86,184378.0, Fight,280.0,,,,,,,,
87,186819.0, Touch,649.476,633.01025,2.4673462,2.4673462,2.4673462,2.4673462,2.4673462,2.4673462,242.0
88,187637.0, Drop,20.0,,,,,,,,
89,190663.0, Touch,1491.9012,704.9927,2.5177002,2.5177002,2.5177002,2.5177002,,,116.0
90,191905.0, Drop,21.0,,,,,,,,
91,191907.0, Fight,290.0,,,,,,,,
92,195082.0, Touch,1309.9274,655.98267,2.5680542,2.5680542,2.5680542,2.5680542,2.5680542,2.5680542,130.0
93,195159.0, Drop,22.0,,,,,,,,
94,195513.0, Fight,300.0,,,,,,,,
95,197347.0, Touch,1064.9469,710.0024400000001,2.6184082,2.6184082,2.6184082,2.6184082,2.6184082,2.6184082,99.0
96,197774.0, Drop,23.0,,,,,,,,
97,200123.0, Touch,1149.9042,712.47437,2.6687622,2.6687622,2.6687622,2.6687622,2.6687622,2.6687622,152.0
98,200441.0, Drop,24.0,,,,,,,,
99,208450.0, Touch,224.92676,410.99854,2.7191162,2.7191162,2.7191162,2.7191162,2.7191162,2.7191162,218.0
100,210886.0, Drop,25.0,,,,,,,,
101,211281.0, Drop,26.0,,,,,,,,
102,211282.0, Fight,310.0,,,,,,,,
103,213363.0, Touch,1137.9126,399.99023,2.7694702,2.7694702,2.7694702,2.7694702,,,159.0
104,216950.0, Touch,928.9068599999999,742.9944,2.8198242000000002,2.8198242000000002,2.8198242000000002,2.8198242000000002,,,142.0
105,217250.0, Drop,27.0,,,,,,,,
106,217251.0, Fight,320.0,,,,,,,,
107,217255.0, Fight,330.0,,,,,,,,
108,220536.0, Touch,538.9435,534.99023,2.8701782000000002,2.8701782000000002,2.8701782000000002,2.8701782000000002,,,169.0
109,222750.0, Drop,28.0,,,,,,,,
110,223319.0, Drop,29.0,,,,,,,,
111,225983.0, Touch,1324.8999,305.00244,2.9205322,2.9205322,2.9205322,2.9205322,,,121.0
112,226206.0, Drop,30.0,,,,,,,,
113,226777.0, Drop,31.0,,,,,,,,
114,226778.0, Fight,340.0,,,,,,,,
115,229956.0, Touch,622.9523,466.99585,2.9708862000000003,2.9708862000000003,2.9708862000000003,2.9708862000000003,,,376.0
116,231820.0, Drop,32.0,,,,,,,,
117,235370.0, Touch,1386.8903,360.99976000000004,3.0212402000000003,3.0212402000000003,3.0212402000000003,3.0212402000000003,,,139.0
118,235951.0, Drop,33.0,,,,,,,,
119,239419.0, Touch,1223.9539,922.9834,3.0715942000000003,3.0715942000000003,3.0715942000000003,3.0715942000000003,,,117.0
120,240488.0, Drop,34.0,,,,,,,,
121,240492.0, Drop,35.0,,,,,,,,
122,242366.0, Touch,1913.9099,245.01709,3.1219482000000003,3.1219482000000003,3.1219482000000003,3.1219482000000003,,,173.0
123,245251.0, Drop,36.0,,,,,,,,
124,253550.0, Touch,1328.8971,764.9780000000001,3.1723022000000003,3.1723022000000003,3.1723022000000003,3.1723022000000003,,,128.0
125,254168.0, Drop,37.0,,,,,,,,
126,258082.0, Touch,1082.9004,272.99927,3.2226562000000003,3.2226562000000003,3.2226562000000003,3.2226562000000003,,,165.0
127,258857.0, Drop,38.0,,,,,,,,
128,260797.0, Touch,1217.9242,666.9909700000001,3.2730102999999997,3.2730102999999997,3.2730102999999997,3.2730102999999997,,,178.0
129,261033.0, Fight,350.0,,,,,,,,
130,261437.0, Drop,39.0,,,,,,,,
131,264093.0, Touch,1187.9114,146.99707,3.3233642999999997,3.3233642999999997,3.3233642999999997,3.3233642999999997,,,132.0
132,264863.0, Drop,40.0,,,,,,,,
133,270331.0, Touch,1639.9329,334.99512000000004,3.3737182999999997,3.3737182999999997,3.3737182999999997,3.3737182999999997,,,144.0
134,270608.0, Drop,41.0,,,,,,,,
135,270620.0, Drop,42.0,,,,,,,,
136,271860.0, Fight,360.0,,,,,,,,
137,275708.0, Touch,1524.895,524.0149,3.4240722999999997,3.4240722999999997,3.4240722999999997,3.4240722999999997,,,142.0
138,276796.0, Fight,370.0,,,,,,,,
139,280482.0, Touch,338.94836000000004,827.00684,3.4744262999999997,3.4744262999999997,3.4744262999999997,3.4744262999999997,,,190.0
140,283161.0, Fight,380.0,,,,,,,,
141,286870.0, Touch,1933.8959,795.99243,3.5247803,3.5247803,3.5247803,3.5247803,,,237.0
142,288734.0, Drop,43.0,,,,,,,,
143,288737.0, Fight,390.0,,,,,,,,
144,291482.0, Touch,743.952,666.9909700000001,3.5751343,3.5751343,3.5751343,3.5751343,,,169.0
145,292199.0, Drop,44.0,,,,,,,,
146,293712.0, Touch,767.9352,169.01367,3.6254883,3.6254883,3.6254883,3.6254883,,,120.0
147,294734.0, Touch,888.93494,170.00243999999998,3.6758422999999993,3.6758422999999993,3.6758422999999993,3.6758422999999993,,,158.0
148,295799.0, Touch,900.9265,186.02051,3.7261963,3.7261963,3.7261963,3.7261963,,,150.0
149,298359.0, Touch,822.9474,442.01294,3.7765503,3.7765503,3.7765503,3.7765503,,,111.0
150,299277.0, Fight,400.0,,,,,,,,
151,301722.0, Touch,845.9143,872.9846,3.8269043,3.8269043,3.8269043,3.8269043,,,145.0
152,303167.0, Drop,45.0,,,,,,,,
153,305192.0, Touch,725.9308,261.0022,3.8772583,3.8772583,3.8772583,3.8772583,3.8772583,3.8772583,406.0
154,305931.0, Touch,838.93616,128.0127,3.9276123,3.9276123,3.9276123,3.9276123,3.9276123,3.9276123,307.0
155,307431.0, Fight,410.0,,,,,,,,
156,307906.0, Touch,808.92334,402.49512000000004,3.9779663,3.9779663,3.9779663,3.9779663,3.9779663,3.9779663,148.0
157,308121.0, Fight,420.0,,,,,,,,
158,309969.0, Touch,1202.9517,519.0051,4.0283203,4.0283203,4.0283203,4.0283203,4.0283203,4.0283203,252.0
159,310614.0, Drop,46.0,,,,,,,,
160,310619.0, Fight,430.0,,,,,,,,
161,310956.0, Fight,440.0,,,,,,,,
162,311239.0, Touch,1441.9025,490.00122000000005,4.078674299999999,4.078674299999999,4.078674299999999,4.078674299999999,4.078674299999999,4.078674299999999,216.0
163,312577.0, Touch,1234.9292,664.98047,4.1290283,4.1290283,4.1290283,4.1290283,4.1290283,4.1290283,126.0
164,314140.0, Touch,1310.9436,292.0166,4.179382299999999,4.179382299999999,4.179382299999999,4.179382299999999,4.179382299999999,4.179382299999999,322.0
165,314838.0, Drop,47.0,,,,,,,,
166,315183.0, Touch,1470.899,246.99462999999997,4.2297363,4.2297363,4.2297363,4.2297363,4.2297363,4.2297363,381.0
167,316313.0, Drop,48.0,,,,,,,,
168,316325.0, Fight,450.0,,,,,,,,
169,316940.0, Drop,49.0,,,,,,,,
170,317938.0, Touch,639.9573,410.00977,4.2800902999999995,4.2800902999999995,4.2800902999999995,4.2800902999999995,4.2800902999999995,4.2800902999999995,113.0
171,318603.0, Fight,460.0,,,,,,,,
172,318879.0, Touch,608.9282,484.99145999999996,4.3304443,4.3304443,4.3304443,4.3304443,4.3304443,4.3304443,170.0
173,319324.0, Fight,470.0,,,,,,,,
174,320040.0, Touch,604.931,487.99072,4.3807983,4.3807983,4.3807983,4.3807983,4.3807983,4.3807983,154.0
175,320219.0, Fight,480.0,,,,,,,,
176,320753.0, Fight,490.0,,,,,,,,
177,320962.0, Touch,872.9461699999999,724.01,4.4311523,4.4311523,4.4311523,4.4311523,4.4311523,4.4311523,95.0
178,323439.0, Touch,1863.9111,517.5219999999999,4.4815062999999995,4.4815062999999995,4.4815062999999995,4.4815062999999995,4.4815062999999995,4.4815062999999995,387.0
179,324617.0, Fight,500.0,,,,,,,,
180,325617.0, Fight,510.0,,,,,,,,
181,326643.0, Drop,50.0,,,,,,,,
182,326672.0, Touch,1551.9269,443.99048,4.5318604,4.5318604,4.5318604,4.5318604,4.5318604,4.5318604,189.0
183,327187.0, Drop,51.0,,,,,,,,
184,328643.0, Touch,766.91895,663.5138,4.5822144,4.5822144,4.5822144,4.5822144,4.582214399999999,4.582214399999999,313.0
185,330730.0, Touch,838.93616,607.0056,4.6325684,4.6325684,4.6325684,4.6325684,4.6325684,4.6325684,193.0
186,331411.0, Drop,52.0,,,,,,,,
187,332955.0, Touch,955.9387,827.00684,4.6829224,4.6829224,4.6829224,4.6829224,4.6829224,4.6829224,153.0
188,333990.0, Drop,53.0,,,,,,,,
189,334822.0, Touch,799.9127,457.00928,4.7332764,4.7332764,4.7332764,4.7332764,4.7332764,4.7332764,202.0
190,335119.0, Fight,520.0,,,,,,,,
191,337238.0, Touch,1123.9563,424.01732999999996,4.783630400000001,4.783630400000001,4.783630400000001,4.783630400000001,4.783630400000001,4.783630400000001,169.0
192,337624.0, Fight,530.0,,,,,,,,
193,339166.0, Touch,651.94885,804.99023,4.8339844,4.8339844,4.8339844,4.8339844,4.8339844,4.8339844,139.0
194,340342.0, Fight,540.0,,,,,,,,
195,341347.0, Touch,1436.4487,613.00415,4.884338400000001,4.884338400000001,4.884338400000001,4.884338400000001,4.884338400000001,4.884338400000001,439.0
196,342516.0, Fight,550.0,,,,,,,,
197,343117.0, Touch,1706.9366,707.0032,4.9346924,4.9346924,4.9346924,4.9346924,4.9346924,4.9346924,135.0
198,344051.0, Touch,1705.9204,704.0039,4.985046400000001,4.985046400000001,4.985046400000001,4.985046400000001,4.985046400000001,4.985046400000001,172.0
199,344550.0, Fight,560.0,,,,,,,,
200,345253.0, Touch,1633.9032,611.9824,5.0354004,5.0354004,5.0354004,5.0354004,5.0354004,5.0354004,321.0
201,345580.0, Drop,54.0,,,,,,,,
202,347137.0, Drop,55.0,,,,,,,,
203,348740.0, Touch,1249.9017,446.98975,5.0857544,5.0857544,5.0857544,5.0857544,5.0857544,5.0857544,204.0
204,348918.0, Drop,56.0,,,,,,,,
205,350441.0, Touch,1068.9441,902.9773,5.1361084,5.1361084,5.1361084,5.1361084,5.1361084,5.1361084,148.0
206,351653.0, Fight,570.0,,,,,,,,
207,354182.0, Touch,803.9099,534.00146,5.1864624,5.1864624,5.1864624,5.1864624,5.1864624,5.1864624,211.0
208,356151.0, Touch,813.93677,605.9839,5.2368164,5.2368164,5.2368164,5.2368164,5.2368164,5.2368164,233.0
209,356423.0, Drop,57.0,,,,,,,,
210,359081.0, Touch,991.91345,827.9956,5.287170400000001,5.287170400000001,5.287170400000001,5.287170400000001,5.287170400000001,5.287170400000001,319.0
211,359717.0, Fight,580.0,,,,,,,,
212,361500.0, Touch,880.94055,368.02002000000005,5.3375244,5.3375244,5.3375244,5.3375244,5.3375244,5.3375244,291.0
213,361956.0, Fight,590.0,,,,,,,,
214,364596.0, Touch,1818.9258,360.99976000000004,5.387878400000001,5.387878400000001,5.387878400000001,5.387878400000001,,,191.0
215,365704.0, Fight,600.0,,,,,,,,
216,366429.0, Fight,610.0,,,,,,,,
217,368990.0, Touch,664.95667,484.0027,5.4382324,5.4382324,5.4382324,5.4382324,5.4382324,5.4382324,169.0
218,370772.0, Drop,58.0,,,,,,,,
219,370776.0, Fight,620.0,,,,,,,,
220,373117.0, Touch,1612.901,140.99854,5.4885864,5.4885864,5.4885864,5.4885864,,,146.0
221,375283.0, Drop,59.0,,,,,,,,
222,376992.0, Touch,1347.9346,648.0066,5.5389404,5.5389404,5.5389404,5.5389404,,,109.0
223,377653.0, Drop,60.0,,,,,,,,
224,379302.0, Touch,1329.4053,1022.98096,5.5892944,5.5892944,5.5892944,5.5892944,5.5892944,5.5892944,71.0
225,380795.0, Drop,61.0,,,,,,,,
226,382885.0, Touch,1218.9404,645.9961,5.6396484000000004,5.6396484000000004,5.6396484000000004,5.6396484000000004,5.639648400000001,5.639648400000001,287.0
227,383071.0, Drop,62.0,,,,,,,,
228,383663.0, Touch,1398.9496,657.99316,5.690002400000001,5.690002400000001,5.690002400000001,5.690002400000001,5.690002400000001,5.690002400000001,130.0
229,383699.0, Fight,630.0,,,,,,,,
230,384959.0, Touch,1282.8955,296.00464,5.7403564000000005,5.7403564000000005,5.7403564000000005,5.7403564000000005,,,131.0
231,386326.0, Touch,1478.8934,498.99902000000003,5.790710400000001,5.790710400000001,5.790710400000001,5.790710400000001,5.790710400000001,5.790710400000001,318.0
232,387857.0, Touch,865.9680000000001,704.9927,5.8410645,5.8410645,5.8410645,5.8410645,5.8410645,5.8410645,169.0
233,388091.0, Fight,640.0,,,,,,,,
234,390281.0, Touch,1053.9038,554.99634,5.8914184999999994,5.8914184999999994,5.8914184999999994,5.8914184999999994,,,134.0
235,390420.0, Fight,650.0,,,,,,,,
236,392890.0, Fight,660.0,,,,,,,,
237,392970.0, Touch,1429.9109,833.99414,5.9417725,5.9417725,5.9417725,5.9417725,,,157.0
238,393840.0, Fight,670.0,,,,,,,,
239,395721.0, Touch,1168.9417,225.01099,5.9921265,5.9921265,5.9921265,5.9921265,5.9921265,5.9921265,162.0
240,396581.0, Fight,680.0,,,,,,,,
241,397832.0, Touch,1251.9342,280.01953,6.0424805,6.0424805,6.0424805,6.0424805,,,142.0
242,397848.0, Fight,690.0,,,,,,,,
243,398490.0, Fight,700.0,,,,,,,,
244,399549.0, Touch,1120.9076,510.00732,6.0928345,6.0928345,6.0928345,6.0928345,6.0928345,6.0928345,327.0
245,400960.0, Touch,638.94104,618.0139,6.1431885,6.1431885,6.1431885,6.1431885,6.1431885,6.1431885,184.0
246,401909.0, Fight,710.0,,,,,,,,
247,401924.0, Fight,720.0,,,,,,,,
248,405174.0, Touch,946.9281,742.9944,6.1935425,6.1935425,6.1935425,6.1935425,,,181.0
249,405308.0, Drop,63.0,,,,,,,,
250,405770.0, Drop,64.0,,,,,,,,
251,406441.0, Touch,880.94055,784.9841299999999,6.2438965,6.2438965,6.2438965,6.2438965,6.2438965,6.2438965,211.0
252,409388.0, Touch,1170.9064,117.004395,6.2942504999999995,6.2942504999999995,6.2942504999999995,6.2942504999999995,6.2942504999999995,6.2942504999999995,158.0
253,410078.0, Drop,65.0,,,,,,,,
254,412346.0, Touch,814.953,666.9909700000001,6.3446045,6.3446045,6.3446045,6.3446045,6.3446045,6.3446045,188.0
255,413009.0, Fight,730.0,,,,,,,,
256,415539.0, Touch,980.9381,865.9973,6.3949584999999995,6.3949584999999995,6.3949584999999995,6.3949584999999995,6.3949584999999995,6.3949584999999995,137.0
257,416749.0, Fight,740.0,,,,,,,,
258,417169.0, Drop,66.0,,,,,,,,
259,419551.0, Touch,570.9209999999999,322.00928,6.4453125,6.4453125,6.4453125,6.4453125,6.4453125,6.4453125,146.0
260,422316.0, Touch,1296.4114,102.00806,6.4956665000000005,6.4956665000000005,6.4956665000000005,6.4956665000000005,6.4956665000000005,6.4956665000000005,124.0
261,423200.0, Fight,750.0,,,,,,,,
262,425111.0, Touch,1240.9589,455.98755,6.5460205,6.5460205,6.5460205,6.5460205,6.5460205,6.5460205,193.0
263,425284.0, Fight,760.0,,,,,,,,
264,427022.0, Touch,1171.9226,452.98828,6.5963745,6.5963745,6.5963745,6.5963745,6.596374499999998,6.596374499999998,343.0
265,427098.0, Fight,770.0,,,,,,,,
266,429459.0, Touch,1552.9431,636.9983,6.6467285,6.6467285,6.6467285,6.6467285,6.6467285,6.6467285,247.0
267,430283.0, Fight,780.0,,,,,,,,
268,432154.0, Touch,922.94495,106.02905,6.6970825,6.6970825,6.6970825,6.6970825,,,137.0
269,433043.0, Fight,790.0,,,,,,,,
270,434737.0, Touch,1437.9053,412.02026,6.747436500000001,6.747436500000001,6.747436500000001,6.747436500000001,,,152.0
271,438342.0, Touch,938.49335,783.0066,6.7977905,6.7977905,6.7977905,6.7977905,6.7977905,6.7977905,539.0
272,440930.0, Touch,1490.9528,190.00853999999998,6.848144500000001,6.848144500000001,6.848144500000001,6.848144500000001,6.848144500000001,6.848144500000001,223.0
273,442110.0, Fight,800.0,,,,,,,,
274,444683.0, Touch,1040.9637,977.99194,6.8984985,6.8984985,6.8984985,6.8984985,6.8984985,6.8984985,172.0
275,445438.0, Fight,810.0,,,,,,,,
276,447218.0, Touch,1583.9044,139.02100000000002,6.948852499999999,6.948852499999999,6.948852499999999,6.948852499999999,6.948852499999999,6.948852499999999,221.0
277,449139.0, Fight,820.0,,,,,,,,
278,449490.0, Drop,67.0,,,,,,,,
279,451244.0, Touch,1594.9475,666.9909700000001,6.9992065000000006,6.9992065000000006,6.9992065000000006,6.9992065000000006,6.9992065000000006,6.9992065000000006,213.0
280,452292.0, Fight,830.0,,,,,,,,
281,452752.0, Drop,68.0,,,,,,,,
282,454638.0, Touch,1220.9052,402.9895,7.049560499999999,7.049560499999999,7.049560499999999,7.049560499999999,7.049560499999999,7.049560499999999,144.0
283,454878.0, Fight,840.0,,,,,,,,
284,456836.0, Touch,697.9504400000001,761.97876,7.099914599999999,7.099914599999999,7.099914599999999,7.099914599999999,,,137.0
285,458013.0, Fight,850.0,,,,,,,,
286,460033.0, Touch,822.9474,614.9817,7.1502686,7.1502686,7.1502686,7.1502686,,,153.0
287,461078.0, Fight,860.0,,,,,,,,
288,463339.0, Touch,1009.9347,887.98096,7.200622599999999,7.200622599999999,7.200622599999999,7.200622599999999,7.200622599999999,7.200622599999999,372.0
289,464032.0, Drop,69.0,,,,,,,,
290,464040.0, Fight,870.0,,,,,,,,
291,466234.0, Touch,985.95154,686.9971,7.2509766,7.2509766,7.2509766,7.2509766,,,76.0
292,466332.0, Fight,880.0,,,,,,,,
293,468732.0, Touch,1468.9343,442.01294,7.3013306,7.3013306,7.3013306,7.3013306,7.3013306,7.3013306,114.0
294,468828.0, Fight,890.0,,,,,,,,
295,469193.0, Drop,70.0,,,,,,,,
296,471153.0, Drop,71.0,,,,,,,,
297,473279.0, Touch,1098.9569,378.0066,7.351684599999999,7.351684599999999,7.351684599999999,7.351684599999999,7.351684599999999,7.351684599999999,153.0
298,473783.0, Drop,72.0,,,,,,,,
299,473802.0, Fight,900.0,,,,,,,,
300,476221.0, Touch,1290.9576,290.99487,7.4020386,7.4020386,7.4020386,7.4020386,7.4020386,7.4020386,169.0
301,476386.0, Drop,73.0,,,,,,,,
302,476748.0, Fight,910.0,,,,,,,,
303,478547.0, Touch,716.92017,778.9856,7.4523926,7.4523926,7.4523926,7.4523926,7.4523926,7.4523926,99.0
304,479447.0, Touch,731.96045,711.4691,7.5027466,7.5027466,7.5027466,7.5027466,7.5027466,7.5027466,137.0
305,480091.0, Fight,920.0,,,,,,,,
306,480773.0, Touch,716.92017,649.9841299999999,7.5531006,7.5531006,7.5531006,7.5531006,,,172.0
307,481432.0, Drop,74.0,,,,,,,,
308,483835.0, Touch,661.9757,633.01025,7.6034546,7.6034546,7.6034546,7.6034546,,,82.0
309,485103.0, Fight,930.0,,,,,,,,
310,485106.0, Fight,940.0,,,,,,,,
311,487479.0, Touch,833.9227,457.99805,7.6538086,7.6538086,7.6538086,7.6538086,7.6538086,7.6538086,71.0
312,487663.0, Drop,75.0,,,,,,,,
313,487672.0, Fight,950.0,,,,,,,,
314,490568.0, Touch,733.9252,534.99023,7.704162599999999,7.704162599999999,7.704162599999999,7.704162599999999,,,126.0
315,491072.0, Drop,76.0,,,,,,,,
316,491423.0, Fight,960.0,,,,,,,,
317,493267.0, Touch,1629.906,869.98535,7.7545166,7.7545166,7.7545166,7.7545166,7.7545166,7.7545166,158.0
318,495337.0, Fight,970.0,,,,,,,,
319,497647.0, Touch,856.9574,616.0034,7.804870599999999,7.804870599999999,7.804870599999999,7.804870599999999,7.804870599999999,7.804870599999999,117.0
320,498049.0, Fight,980.0,,,,,,,,
321,498498.0, Fight,990.0,,,,,,,,
322,500100.0, Touch,1047.9419,810.0,7.8552246,7.8552246,7.8552246,7.8552246,7.8552246,7.8552246,103.0
323,500794.0, Fight,1000.0,,,,,,,,
324,503232.0, Touch,972.9437,619.0027,7.905578599999999,7.905578599999999,7.905578599999999,7.905578599999999,7.905578599999999,7.905578599999999,154.0
325,503720.0, Drop,77.0,,,,,,,,
326,506161.0, Touch,1169.9579,689.00757,7.9559326,7.9559326,7.9559326,7.9559326,7.9559326,7.9559326,141.0
327,506505.0, Fight,1010.0,,,,,,,,
328,508829.0, Touch,1215.9595,731.9861,8.006287,8.006287,8.006287,8.006287,8.006287,8.006287,268.0
329,509621.0, Fight,1020.0,,,,,,,,
330,509623.0, Fight,1030.0,,,,,,,,
331,511692.0, Touch,1456.9427,350.00793,8.056641,8.056641,8.056641,8.056641,8.056641,8.056641,149.0
332,512956.0, Fight,1040.0,,,,,,,,
333,514819.0, Touch,959.9359,237.00806,8.106995,8.106995,8.106995,8.106995,8.106995,8.106995,122.0
334,515418.0, Drop,78.0,,,,,,,,
335,518447.0, Touch,1467.9181,677.0105,8.157349,8.157349,8.157349,8.157349,,,129.0
336,519000.0, Drop,79.0,,,,,,,,
337,521146.0, Touch,1740.9467,358.0005,8.207703,8.207703,8.207703,8.207703,,,144.0
338,522613.0, Fight,1050.0,,,,,,,,
339,523049.0, Fight,1060.0,,,,,,,,
340,525733.0, Touch,1262.9095,721.9995,8.258057,8.258057,8.258057,8.258057,8.258057,8.258057,260.0
341,525990.0, Fight,1070.0,,,,,,,,
342,526429.0, Fight,1080.0,,,,,,,,
343,526441.0, Fight,1090.0,,,,,,,,
344,528933.0, Touch,1555.9241,755.48584,8.308411,8.308411,8.308411,8.308411,8.308411,8.308411,146.0
345,530352.0, Drop,80.0,,,,,,,,
346,531140.0, Fight,1100.0,,,,,,,,
347,532716.0, Touch,1407.8925,433.01514000000003,8.358765,8.358765,8.358765,8.358765,8.358765,8.358765,128.0
348,533319.0, Fight,1110.0,,,,,,,,
349,535133.0, Touch,1130.9344,334.99512000000004,8.409119,8.409119,8.409119,8.409119,8.409119000000002,8.409119000000002,302.0
350,535555.0, Fight,1120.0,,,,,,,,
351,537076.0, Touch,1402.9468,446.98975,8.459473,8.459473,8.459473,8.459473,8.459473,8.459473,289.0
352,537659.0, Fight,1130.0,,,,,,,,
353,539333.0, Touch,463.9453,972.5043,8.509827,8.509827,8.509827,8.509827,8.509827,8.509827,168.0
354,541739.0, Drop,81.0,,,,,,,,
355,541750.0, Fight,1140.0,,,,,,,,
356,544891.0, Touch,2179.8926,79.002686,8.560181,8.560181,8.560181,8.560181,8.560181,8.560181,161.0
