,Time,Event,X-coord,Y-coord,down-contact-minor,down-contact-major,up-contact-minor,up-contact-major,average-move-contact-minor,average-move-contact-major,move-time
0,13.0, Touch,1206.9489,293.99414,,,8.610535,8.610535,,,
1,1910.0, Touch,1363.9233,787.9834,8.660889,8.660889,8.660889,8.660889,,,83.0
2,3097.0, Fight,10.0,,,,,,,,
3,4486.0, Touch,1142.384,469.50073,8.711243,8.711243,8.711243,8.711243,8.711243,8.711243,119.0
4,4650.0, Fight,20.0,,,,,,,,
5,6079.0, Touch,797.948,1057.9834,8.761597,8.761597,8.761597,8.761597,8.761597,8.761597,208.0
6,6707.0, Fight,30.0,,,,,,,,
7,7028.0, Fight,40.0,,,,,,,,
8,7417.0, Fight,50.0,,,,,,,,
9,9552.0, Touch,1019.4873,628.98926,8.811950999999999,8.811950999999999,8.811950999999999,8.811950999999999,8.811950999999999,8.811950999999999,157.0
10,9707.0, Drop,1.0,,,,,,,,
11,9709.0, Drop,2.0,,,,,,,,
12,11266.0, Touch,2083.8920000000003,405.0,8.862305000000001,8.862305000000001,8.862305000000001,8.862305000000001,8.862305000000001,8.862305000000001,223.0
13,13708.0, Fight,60.0,,,,,,,,
14,14058.0, Fight,70.0,,,,,,,,
15,15497.0, Touch,859.93835,406.5161,8.912659,8.912659,8.912659,8.912659,8.912659,8.912659,178.0
16,15570.0, Drop,3.0,,,,,,,,
17,15925.0, Fight,80.0,,,,,,,,
18,18078.0, Touch,1658.9026,445.0122,8.963013,8.963013,8.963013,8.963013,8.963013,8.963013,165.0
19,19100.0, Fight,90.0,,,,,,,,
20,19426.0, Fight,100.0,,,,,,,,
21,21357.0, Touch,1083.9166,363.01025,9.013367,9.013367,9.013367,9.013367,9.013367,9.013367,149.0
22,21613.0, Drop,4.0,,,,,,,,
23,21616.0, Fight,110.0,,,,,,,,
24,24388.0, Touch,1031.9531,217.00195,9.063721000000001,9.063721000000001,9.063721000000001,9.063721000000001,,,148.0
25,24856.0, Fight,120.0,,,,,,,,
26,26602.0, Touch,1675.9076,983.0017,9.114075,9.114075,9.114075,9.114075,,,175.0
27,28405.0, Fight,130.0,,,,,,,,
28,29703.0, Touch,1754.3948,246.99462999999997,9.164429,9.164429,9.164429,9.164429,9.164429,9.164429,168.0
29,30769.0, Drop,5.0,,,,,,,,
30,31398.0, Drop,6.0,,,,,,,,
31,32860.0, Touch,1008.91846,854.9889999999999,9.214783,9.214783,9.214783,9.214783,9.214783,9.214783,155.0
32,33211.0, Fight,140.0,,,,,,,,
33,34765.0, Touch,1423.9489999999998,557.00684,9.265137,9.265137,9.265137,9.265137,,,111.0
34,35640.0, Fight,150.0,,,,,,,,
35,37131.0, Touch,683.9264,596.9861,9.315491,9.315491,9.315491,9.315491,9.315491,9.315491,211.0
36,38237.0, Fight,160.0,,,,,,,,
37,40234.0, Touch,1381.9446,805.9789999999999,9.365845,9.365845,9.365845,9.365845,,,167.0
38,40666.0, Drop,7.0,,,,,,,,
39,40668.0, Fight,170.0,,,,,,,,
40,41036.0, Drop,8.0,,,,,,,,
41,42797.0, Touch,664.95667,468.01758,9.416199,9.416199,9.416199,9.416199,9.416199,9.416199,159.0
42,44164.0, Fight,180.0,,,,,,,,
43,45382.0, Touch,1059.9335,764.9780000000001,9.466553,9.466553,9.466553,9.466553,9.466553,9.466553,196.0
44,45434.0, Fight,190.0,,,,,,,,
45,47544.0, Touch,808.92334,737.9846,9.516907000000002,9.516907000000002,9.516907000000002,9.516907000000002,9.516907000000002,9.516907000000002,141.0
46,48304.0, Fight,200.0,,,,,,,,
47,49985.0, Touch,1035.4421,142.02026,9.567261,9.567261,9.567261,9.567261,9.567261,9.567261,134.0
48,51036.0, Fight,210.0,,,,,,,,
49,52473.0, Touch,855.94116,555.9851,9.617614999999999,9.617614999999999,9.617614999999999,9.617614999999999,9.617614999999999,9.617614999999999,172.0
50,53005.0, Fight,220.0,,,,,,,,
51,54061.0, Touch,719.9689,595.00854,9.667969,9.667969,9.667969,9.667969,9.667969,9.667969,233.0
52,55108.0, Fight,230.0,,,,,,,,
53,55677.0, Touch,747.9492,510.00732,9.718323,9.718323,9.718323,9.718323,9.718323,9.718323,151.0
54,56777.0, Fight,240.0,,,,,,,,
55,58425.0, Touch,863.93555,81.01318,9.768677,9.768677,9.768677,9.768677,9.768677,9.768677,139.0
56,59689.0, Fight,250.0,,,,,,,,
57,60723.0, Touch,826.9446,495.01099999999997,9.819030999999999,9.819030999999999,9.819030999999999,9.819030999999999,9.819030999999999,9.819030999999999,162.0
58,61270.0, Fight,260.0,,,,,,,,
59,61519.0, Fight,270.0,,,,,,,,
60,63288.0, Touch,1456.9427,1055.9729,9.869385000000001,9.869385000000001,9.869385000000001,9.869385000000001,9.869385000000001,9.869385000000001,195.0
61,65081.0, Drop,9.0,,,,,,,,
62,66539.0, Touch,954.9225,883.9929,9.919739,9.919739,9.919739,9.919739,9.919739,9.919739,215.0
63,67495.0, Drop,10.0,,,,,,,,
64,69093.0, Touch,1392.9199,734.98535,9.970092999999999,9.970092999999999,9.970092999999999,9.970092999999999,9.970092999999999,9.970092999999999,234.0
65,70108.0, Drop,11.0,,,,,,,,
66,71575.0, Touch,539.9597,651.00586,10.020447,10.020447,10.020447,10.020447,10.020447,10.020447,163.0
67,73018.0, Drop,12.0,,,,,,,,
68,73021.0, Fight,280.0,,,,,,,,
69,73364.0, Fight,290.0,,,,,,,,
70,74937.0, Touch,1638.9166,179.00024,10.070801,10.070801,10.070801,10.070801,10.070801,10.070801,150.0
71,76240.0, Fight,300.0,,,,,,,,
72,77774.0, Touch,1253.8989,463.0078,10.121155,10.121155,10.121155,10.121155,10.121155,10.121155,111.0
73,78459.0, Drop,13.0,,,,,,,,
74,79710.0, Touch,1014.9481,842.99194,10.171509,10.171509,10.171509,10.171509,,,80.0
75,80751.0, Drop,14.0,,,,,,,,
76,81926.0, Touch,1569.9481,628.98926,10.221863,10.221863,10.221863,10.221863,10.221863,10.221863,143.0
77,82284.0, Fight,310.0,,,,,,,,
78,82995.0, Fight,320.0,,,,,,,,
79,83287.0, Drop,15.0,,,,,,,,
80,84724.0, Touch,971.9275,724.01,10.272217,10.272217,10.272217,10.272217,10.272217,10.272217,207.0
81,84977.0, Fight,330.0,,,,,,,,
82,86377.0, Touch,1863.9111,346.9922,10.322571,10.322571,10.322571,10.322571,10.322571,10.322571,156.0
83,87863.0, Fight,340.0,,,,,,,,
84,88214.0, Fight,350.0,,,,,,,,
85,90045.0, Touch,672.95105,368.02002000000005,10.372925,10.372925,10.372925,10.372925,10.372925,10.372925,206.0
86,91156.0, Fight,360.0,,,,,,,,
87,91483.0, Drop,16.0,,,,,,,,
88,93127.0, Touch,1292.4143,457.00928,10.423278999999999,10.423278999999999,10.423278999999999,10.423278999999999,10.423278999999999,10.423278999999999,299.0
89,93131.0, Fight,370.0,,,,,,,,
90,93522.0, Drop,17.0,,,,,,,,
91,93525.0, Fight,380.0,,,,,,,,
92,95905.0, Touch,1558.905,770.97656,10.473633,10.473633,10.473633,10.473633,,,89.0
93,96890.0, Drop,18.0,,,,,,,,
94,97577.0, Drop,19.0,,,,,,,,
95,97888.0, Touch,1618.9307,772.9870599999999,10.523987,10.523987,10.523987,10.523987,10.523987,10.523987,164.0
96,98218.0, Fight,390.0,,,,,,,,
97,98598.0, Fight,400.0,,,,,,,,
98,98956.0, Drop,20.0,,,,,,,,
99,100467.0, Touch,1442.9187,507.99683,10.574341,10.574341,10.574341,10.574341,10.574341,10.574341,134.0
100,101405.0, Fight,410.0,,,,,,,,
101,104952.0, Touch,71.94946,142.02026,10.624695,10.624695,10.624695,10.624695,10.624695,10.624695,169.0
102,107760.0, Fight,420.0,,,,,,,,
103,108189.0, Fight,430.0,,,,,,,,
104,110021.0, Touch,1412.9059,727.99805,10.675049000000001,10.675049000000001,10.675049000000001,10.675049000000001,10.675049000000001,10.675049000000001,167.0
105,110552.0, Drop,21.0,,,,,,,,
106,112539.0, Touch,1463.9209,218.02367999999998,10.725403,10.725403,10.725403,10.725403,,,136.0
107,113514.0, Drop,22.0,,,,,,,,
108,113839.0, Drop,23.0,,,,,,,,
109,116981.0, Touch,432.98400000000004,616.0034,10.775757,10.775757,10.775757,10.775757,10.775757,10.775757,124.0
110,118470.0, Drop,24.0,,,,,,,,
111,120507.0, Touch,931.95557,530.0134,10.826111000000001,10.826111000000001,10.826111000000001,10.826111000000001,10.826111000000001,10.826111000000001,139.0
112,120662.0, Drop,25.0,,,,,,,,
113,122964.0, Touch,1164.9445,346.00342,10.876465,10.876465,10.876465,10.876465,10.876465000000001,10.876465000000001,179.0
114,123304.0, Fight,440.0,,,,,,,,
115,125707.0, Touch,581.9641,742.9944,10.926819,10.926819,10.926819,10.926819,10.926819,10.926819,167.0
116,126049.0, Drop,26.0,,,,,,,,
117,126717.0, Fight,450.0,,,,,,,,
118,129219.0, Touch,665.9729,173.00171,10.977172999999999,10.977172999999999,10.977172999999999,10.977172999999999,,,159.0
119,130137.0, Fight,460.0,,,,,,,,
120,130493.0, Fight,470.0,,,,,,,,
121,132820.0, Touch,1854.9005,274.02099999999996,11.027527000000001,11.027527000000001,11.027527000000001,11.027527000000001,11.027527000000001,11.027527000000001,215.0
122,134755.0, Fight,480.0,,,,,,,,
123,135106.0, Fight,490.0,,,,,,,,
124,137060.0, Touch,1661.8835,521.0156,11.077881,11.077881,11.077881,11.077881,11.077881,11.077881,169.0
125,137668.0, Fight,500.0,,,,,,,,
126,138038.0, Fight,510.0,,,,,,,,
127,138368.0, Fight,520.0,,,,,,,,
128,140085.0, Touch,1695.8936,740.9839,11.128235,11.128235,11.128235,11.128235,,,167.0
129,140548.0, Fight,530.0,,,,,,,,
130,141214.0, Drop,27.0,,,,,,,,
131,141508.0, Fight,540.0,,,,,,,,
132,141804.0, Fight,550.0,,,,,,,,
133,144080.0, Touch,1020.4739400000001,298.01514,11.178589,11.178589,11.178589,11.178589,11.178589,11.178589,146.0
134,144700.0, Drop,28.0,,,,,,,,
135,144704.0, Drop,29.0,,,,,,,,
136,146426.0, Drop,30.0,,,,,,,,
137,146457.0, Touch,1247.937,643.9856,11.228943,11.228943,11.228943,11.228943,,,102.0
138,148647.0, Touch,727.96326,953.9978,11.279297,11.279297,11.279297,11.279297,11.279297,11.279297,127.0
139,149640.0, Drop,31.0,,,,,,,,
140,151881.0, Touch,1055.9363,428.99414,11.329651,11.329651,11.329651,11.329651,11.329651,11.329651,232.0
141,151938.0, Fight,560.0,,,,,,,,
142,153469.0, Touch,877.9596,584.0002400000001,11.380005,11.380005,11.380005,11.380005,,,133.0
143,153999.0, Drop,32.0,,,,,,,,
144,155697.0, Touch,1157.8986,672.00073,11.430359,11.430359,11.430359,11.430359,,,129.0
145,155770.0, Drop,33.0,,,,,,,,
146,157950.0, Touch,509.9469,675.9888,11.480713,11.480713,11.480713,11.480713,11.480713,11.480713,122.0
147,158753.0, Touch,511.97937,733.0078,11.531067,11.531067,11.531067,11.531067,,,120.0
148,159713.0, Drop,34.0,,,,,,,,
149,162065.0, Touch,1386.8903,554.00757,11.581421,11.581421,11.581421,11.581421,11.581421,11.581421,161.0
150,162544.0, Drop,35.0,,,,,,,,
151,164083.0, Touch,731.96045,739.9951,11.631775,11.631775,11.631775,11.631775,11.631775,11.631775,126.0
152,164833.0, Drop,36.0,,,,,,,,
153,165164.0, Fight,570.0,,,,,,,,
154,166804.0, Touch,1213.927,136.02173,11.682129,11.682129,11.682129,11.682129,,,109.0
155,167796.0, Drop,37.0,,,,,,,,
156,168196.0, Drop,38.0,,,,,,,,
157,170138.0, Touch,1470.899,550.48096,11.732483,11.732483,11.732483,11.732483,11.732483,11.732483,101.0
158,171204.0, Drop,39.0,,,,,,,,
159,172879.0, Touch,827.9608,108.00658999999999,11.782836999999999,11.782836999999999,11.782836999999999,11.782836999999999,11.782836999999999,11.782836999999999,124.0
160,173955.0, Drop,40.0,,,,,,,,
161,176548.0, Touch,1306.9464,249.9939,11.833191000000001,11.833191000000001,11.833191000000001,11.833191000000001,11.833191000000001,11.833191000000001,152.0
162,177366.0, Drop,41.0,,,,,,,,
163,177367.0, Drop,42.0,,,,,,,,
164,179145.0, Touch,1420.9003,486.01318,11.883545,11.883545,11.883545,11.883545,11.883545,11.883545,195.0
165,179718.0, Fight,580.0,,,,,,,,
166,180017.0, Drop,43.0,,,,,,,,
167,182665.0, Touch,23.983154000000003,466.00708,11.933899,11.933899,11.933899,11.933899,11.933899,11.933899,146.0
168,184208.0, Fight,590.0,,,,,,,,
169,185701.0, Fight,600.0,,,,,,,,
170,185961.0, Drop,44.0,,,,,,,,
171,187574.0, Touch,1085.9491,651.9946,11.984253,11.984253,11.984253,11.984253,,,164.0
172,187686.0, Drop,45.0,,,,,,,,
173,187695.0, Drop,46.0,,,,,,,,
174,189099.0, Touch,1182.8980000000001,613.00415,12.034607000000001,12.034607000000001,12.034607000000001,12.034607000000001,,,121.0
175,189203.0, Drop,47.0,,,,,,,,
176,191275.0, Touch,520.92224,419.43282999999997,12.084961,12.084961,12.084961,12.084961,12.084961,12.084961,381.0
177,191836.0, Fight,610.0,,,,,,,,
178,192750.0, Drop,48.0,,,,,,,,
179,194165.0, Touch,1013.9319,822.98584,12.135315,12.135315,12.135315,12.135315,12.135315000000002,12.135315000000002,476.0
180,194708.0, Fight,620.0,,,,,,,,
181,196550.0, Touch,1326.9324,860.98755,12.185669,12.185669,12.185669,12.185669,,,130.0
182,197203.0, Drop,49.0,,,,,,,,
183,197455.0, Drop,50.0,,,,,,,,
184,198693.0, Touch,1077.4465,769.9878,12.236023,12.236023,12.236023,12.236023,12.236023,12.236023,145.0
185,199094.0, Drop,51.0,,,,,,,,
186,199326.0, Drop,52.0,,,,,,,,
187,201038.0, Touch,1354.9127,827.00684,12.286377,12.286377,12.286377,12.286377,12.286377,12.286377,183.0
188,201861.0, Drop,53.0,,,,,,,,
189,203216.0, Touch,1417.9193,863.9868,12.336731,12.336731,12.336731,12.336731,12.336731,12.336731,143.0
190,204067.0, Drop,54.0,,,,,,,,
191,204264.0, Fight,630.0,,,,,,,,
192,206095.0, Touch,1221.9214,299.99268,12.387085,12.387085,12.387085,12.387085,,,96.0
193,206710.0, Drop,55.0,,,,,,,,
194,209248.0, Touch,1624.8926,445.52307,12.437439,12.437439,12.437439,12.437439,12.437439,12.437439,162.0
195,210615.0, Drop,56.0,,,,,,,,
196,212677.0, Touch,1176.9360000000001,1069.9805,12.487793,12.487793,12.487793,12.487793,12.487793,12.487793,167.0
197,214047.0, Drop,57.0,,,,,,,,
198,215679.0, Touch,1480.9259,328.0078,12.538147,12.538147,12.538147,12.538147,12.538147,12.538147,126.0
199,216578.0, Drop,58.0,,,,,,,,
200,217734.0, Fight,640.0,,,,,,,,
201,218500.0, Touch,1317.9218,536.0119599999999,12.588500999999999,12.588500999999999,12.588500999999999,12.588500999999999,,,151.0
202,218974.0, Drop,59.0,,,,,,,,
203,220326.0, Touch,1109.9323,713.0017,12.638855,12.638855,12.638855,12.638855,12.638855,12.638855,151.0
204,220426.0, Fight,650.0,,,,,,,,
205,220429.0, Fight,660.0,,,,,,,,
206,221843.0, Touch,1249.9017,357.01172,12.689209,12.689209,12.689209,12.689209,12.689209,12.689209,101.0
207,222185.0, Fight,670.0,,,,,,,,
208,223846.0, Touch,627.9657,196.99585,12.739563,12.739563,12.739563,12.739563,12.739563,12.739563,157.0
209,225344.0, Fight,680.0,,,,,,,,
210,226216.0, Drop,60.0,,,,,,,,
211,226899.0, Touch,993.9459,449.00024,12.789916999999999,12.789916999999999,12.789916999999999,12.789916999999999,,,152.0
212,227898.0, Touch,1044.4529,356.00647000000004,12.840271000000001,12.840271000000001,12.840271000000001,12.840271000000001,12.840271000000001,12.840271000000001,302.0
213,228175.0, Drop,61.0,,,,,,,,
214,229240.0, Touch,1783.8995,524.0149,12.890625,12.890625,12.890625,12.890625,12.890625,12.890625,180.0
215,230858.0, Touch,1354.9127,664.98047,12.940978999999999,12.940978999999999,12.940978999999999,12.940978999999999,12.940978999999999,12.940978999999999,294.0
216,231228.0, Drop,62.0,,,,,,,,
217,232394.0, Touch,1520.8978,430.01587,12.991333000000001,12.991333000000001,12.991333000000001,12.991333000000001,12.991333000000001,12.991333000000001,166.0
218,233169.0, Fight,690.0,,,,,,,,
219,235079.0, Touch,928.9068599999999,721.01074,13.041687,13.041687,13.041687,13.041687,13.041687,13.041687,188.0
220,235630.0, Drop,63.0,,,,,,,,
221,237400.0, Touch,499.92004000000003,195.01831,13.092041,13.092041,13.092041,13.092041,13.092041,13.092041,144.0
222,239673.0, Drop,64.0,,,,,,,,
223,241581.0, Touch,1307.8949,196.99585,13.142395,13.142395,13.142395,13.142395,13.142395,13.142395,160.0
224,242767.0, Drop,65.0,,,,,,,,
225,244380.0, Touch,608.9282,660.99243,13.192749,13.192749,13.192749,13.192749,13.192749,13.192749,189.0
226,244876.0, Fight,700.0,,,,,,,,
227,245557.0, Drop,66.0,,,,,,,,
228,247137.0, Touch,870.9137,780.9961,13.243103,13.243103,13.243103,13.243103,13.243103,13.243103,148.0
229,248375.0, Drop,67.0,,,,,,,,
230,249080.0, Fight,710.0,,,,,,,,
231,252217.0, Touch,749.91394,125.01343,13.293457,13.293457,13.293457,13.293457,13.293457,13.293457,169.0
232,253350.0, Drop,68.0,,,,,,,,
233,255473.0, Touch,977.95715,739.00635,13.343810999999999,13.343810999999999,13.343810999999999,13.343810999999999,13.343810999999997,13.343810999999997,239.0
234,255838.0, Drop,69.0,,,,,,,,
235,257495.0, Touch,1298.952,748.00415,13.394165,13.394165,13.394165,13.394165,13.394165,13.394165,146.0
236,257854.0, Drop,70.0,,,,,,,,
237,260835.0, Touch,1580.9235,837.9822,13.444519,13.444519,13.444519,13.444519,,,211.0
238,261660.0, Drop,71.0,,,,,,,,
239,262246.0, Drop,72.0,,,,,,,,
240,264346.0, Touch,550.9350599999999,722.9883,13.494873000000002,13.494873000000002,13.494873000000002,13.494873000000002,13.494873000000002,13.494873000000002,183.0
241,265344.0, Fight,720.0,,,,,,,,
242,267507.0, Touch,1300.9167,739.00635,13.545226999999999,13.545226999999999,13.545226999999999,13.545226999999999,13.545226999999999,13.545226999999999,151.0
243,268189.0, Fight,730.0,,,,,,,,
244,269866.0, Touch,1424.457,733.5187,13.595581,13.595581,13.595581,13.595581,13.595580999999997,13.595580999999997,452.0
245,270248.0, Fight,740.0,,,,,,,,
246,272128.0, Touch,1225.9186,381.00586,13.645935,13.645935,13.645935,13.645935,13.645935,13.645935,122.0
247,272175.0, Fight,750.0,,,,,,,,
248,274224.0, Touch,1040.9637,792.0044,13.696289000000002,13.696289000000002,13.696289000000002,13.696289000000002,13.696289000000002,13.696289000000002,163.0
249,274597.0, Drop,73.0,,,,,,,,
250,276305.0, Touch,953.90625,363.01025,13.746642999999999,13.746642999999999,13.746642999999999,13.746642999999999,13.746642999999999,13.746642999999999,200.0
251,276566.0, Drop,74.0,,,,,,,,
252,279397.0, Touch,927.9584,677.0105,13.796997,13.796997,13.796997,13.796997,13.796997,13.796997,178.0
253,279416.0, Fight,760.0,,,,,,,,
254,281340.0, Touch,987.91626,134.01123,13.847351000000002,13.847351000000002,13.847351000000002,13.847351000000002,13.847351000000002,13.847351000000002,179.0
255,282204.0, Fight,770.0,,,,,,,,
256,282521.0, Drop,75.0,,,,,,,,
257,284626.0, Touch,411.9818,1061.9714,13.897704999999998,13.897704999999998,13.897704999999998,13.897704999999998,13.897704999999998,13.897704999999998,191.0
258,286584.0, Fight,780.0,,,,,,,,
259,287887.0, Touch,1044.9609,222.01172000000003,13.948058999999999,13.948058999999999,13.948058999999999,13.948058999999999,,,140.0
260,288468.0, Drop,76.0,,,,,,,,
261,288738.0, Drop,77.0,,,,,,,,
262,290551.0, Touch,1147.9395,413.00903,13.998413000000001,13.998413000000001,13.998413000000001,13.998413000000001,13.998413000000001,13.998413000000001,270.0
263,290595.0, Drop,78.0,,,,,,,,
264,291979.0, Touch,1275.9174,328.0078,14.048767000000002,14.048767000000002,14.048767000000002,14.048767000000002,,,139.0
265,292725.0, Drop,79.0,,,,,,,,
266,292727.0, Fight,790.0,,,,,,,,
267,294547.0, Touch,1198.9545,498.99902000000003,14.099120999999998,14.099120999999998,14.099120999999998,14.099120999999998,14.099120999999998,14.099120999999998,158.0
268,294617.0, Drop,80.0,,,,,,,,
269,294618.0, Fight,800.0,,,,,,,,
270,296880.0, Touch,559.9457,413.9978,14.149475,14.149475,14.149475,14.149475,14.149475,14.149475,284.0
271,297930.0, Fight,810.0,,,,,,,,
272,298195.0, Fight,820.0,,,,,,,,
273,299746.0, Touch,1782.8833,289.01732999999996,14.199829000000001,14.199829000000001,14.199829000000001,14.199829000000001,,,197.0
274,301408.0, Drop,81.0,,,,,,,,
275,301426.0, Fight,830.0,,,,,,,,
276,301434.0, Fight,840.0,,,,,,,,
277,301739.0, Fight,850.0,,,,,,,,
278,304173.0, Touch,597.9529,224.02222000000003,14.250182999999998,14.250182999999998,14.250182999999998,14.250182999999998,14.250182999999998,14.250182999999998,183.0
279,305299.0, Drop,82.0,,,,,,,,
280,306898.0, Touch,1642.9138,686.9971,14.300537,14.300537,14.300537,14.300537,,,163.0
281,307958.0, Drop,83.0,,,,,,,,
282,308873.0, Touch,1641.8976,684.9866,14.350891,14.350891,14.350891,14.350891,,,148.0
283,309899.0, Drop,84.0,,,,,,,,
284,312184.0, Touch,1112.9132,314.00023999999996,14.401245000000001,14.401245000000001,14.401245000000001,14.401245000000001,14.401245000000001,14.401245000000001,345.0
285,312550.0, Drop,85.0,,,,,,,,
286,313968.0, Drop,86.0,,,,,,,,
287,314087.0, Touch,1238.9264,561.98364,14.451599,14.451599,14.451599,14.451599,14.451599,14.451599,198.0
288,316055.0, Fight,860.0,,,,,,,,
289,316099.0, Touch,1051.9391,916.9848599999999,14.501953,14.501953,14.501953,14.501953,,,141.0
290,316357.0, Fight,870.0,,,,,,,,
291,316905.0, Drop,87.0,,,,,,,,
292,318378.0, Touch,1373.9502,239.01855,14.552307,14.552307,14.552307,14.552307,,,125.0
293,319468.0, Drop,88.0,,,,,,,,
294,320514.0, Touch,1314.9408,701.00464,14.602661,14.602661,14.602661,14.602661,14.602661,14.602661,65.0
295,321293.0, Drop,89.0,,,,,,,,
296,322696.0, Touch,1682.8857,108.00658999999999,14.653015,14.653015,14.653015,14.653015,14.653015,14.653015,198.0
297,323008.0, Fight,880.0,,,,,,,,
298,324134.0, Drop,90.0,,,,,,,,
299,325429.0, Touch,1260.9448,560.9949,14.703369,14.703369,14.703369,14.703369,14.703369,14.703369,180.0
300,325540.0, Fight,890.0,,,,,,,,
301,327177.0, Touch,810.9558,859.9988,14.753723,14.753723,14.753723,14.753723,,,110.0
302,329046.0, Touch,686.9751,852.9785,14.804077,14.804077,14.804077,14.804077,14.804077,14.804077,305.0
303,329468.0, Fight,900.0,,,,,,,,
304,330026.0, Fight,910.0,,,,,,,,
305,332135.0, Touch,1058.9172,825.9851,14.854431,14.854431,14.854431,14.854431,14.854431,14.854431,185.0
306,332861.0, Drop,91.0,,,,,,,,
307,332868.0, Fight,920.0,,,,,,,,
308,334708.0, Touch,896.9293,328.0078,14.904785,14.904785,14.904785,14.904785,14.904785,14.904785,194.0
309,334989.0, Fight,930.0,,,,,,,,
310,335404.0, Drop,92.0,,,,,,,,
311,337257.0, Touch,952.95776,516.00586,14.955139,14.955139,14.955139,14.955139,14.955139,14.955139,248.0
312,337960.0, Drop,93.0,,,,,,,,
313,339656.0, Touch,1070.9088,340.00487999999996,15.005493,15.005493,15.005493,15.005493,15.005493,15.005493,151.0
314,340105.0, Drop,94.0,,,,,,,,
315,341596.0, Touch,936.9689999999999,372.99683,15.055847,15.055847,15.055847,15.055847,15.055847,15.055847,163.0
316,341968.0, Fight,940.0,,,,,,,,
317,343573.0, Touch,1221.9214,264.00146,15.106201,15.106201,15.106201,15.106201,15.106201,15.106201,114.0
318,344230.0, Drop,95.0,,,,,,,,
319,346264.0, Touch,883.9215,760.0012,15.156554999999999,15.156554999999999,15.156554999999999,15.156554999999999,15.156554999999999,15.156554999999999,337.0
320,346840.0, Fight,950.0,,,,,,,,
321,348260.0, Touch,1226.9348,854.9889999999999,15.206909,15.206909,15.206909,15.206909,,,168.0
322,349025.0, Fight,960.0,,,,,,,,
323,350701.0, Touch,1020.9100300000001,710.0024400000001,15.257263,15.257263,15.257263,15.257263,15.257263,15.257263,157.0
324,351266.0, Fight,970.0,,,,,,,,
325,352643.0, Touch,1184.9304,914.9743699999999,15.307617,15.307617,15.307617,15.307617,,,157.0
326,353411.0, Fight,980.0,,,,,,,,
327,355003.0, Touch,980.9381,757.00195,15.357971,15.357971,15.357971,15.357971,15.357971,15.357971,160.0
328,355269.0, Fight,990.0,,,,,,,,
329,355575.0, Drop,96.0,,,,,,,,
330,357624.0, Touch,305.9546,374.01855,15.408325,15.408325,15.408325,15.408325,15.408325,15.408325,148.0
331,359443.0, Fight,1000.0,,,,,,,,
332,359996.0, Fight,1010.0,,,,,,,,
333,362992.0, Touch,1890.8752,240.9961,15.458679,15.458679,15.458679,15.458679,15.458679,15.458679,162.0
334,363537.0, Fight,1020.0,,,,,,,,
335,365207.0, Drop,97.0,,,,,,,,
336,367149.0, Touch,645.9192,561.98364,15.509032999999999,15.509032999999999,15.509032999999999,15.509032999999999,15.509032999999999,15.509032999999999,179.0
337,367802.0, Drop,98.0,,,,,,,,
338,368073.0, Fight,1030.0,,,,,,,,
339,369558.0, Touch,1475.9125,73.498535,15.559387,15.559387,15.559387,15.559387,15.559387,15.559387,141.0
340,371144.0, Drop,99.0,,,,,,,,
341,372809.0, Touch,1000.9241,133.02246,15.609741,15.609741,15.609741,15.609741,15.609741,15.609741,89.0
342,374060.0, Drop,100.0,,,,,,,,
343,375478.0, Touch,793.9508,314.00023999999996,15.660095000000002,15.660095000000002,15.660095000000002,15.660095000000002,,,176.0
344,375840.0, Fight,1040.0,,,,,,,,
345,376178.0, Fight,1050.0,,,,,,,,
346,376454.0, Drop,101.0,,,,,,,,
347,378227.0, Touch,1121.9238,639.9975599999999,15.710448999999999,15.710448999999999,15.710448999999999,15.710448999999999,15.710448999999999,15.710448999999999,151.0
348,378394.0, Drop,102.0,,,,,,,,
349,381128.0, Touch,1153.9014,929.4763,15.760803,15.760803,15.760803,15.760803,15.760803,15.760803,144.0
350,381909.0, Drop,103.0,,,,,,,,
351,383235.0, Touch,1657.8864,179.00024,15.811157000000001,15.811157000000001,15.811157000000001,15.811157000000001,15.811157000000001,15.811157000000001,178.0
352,385095.0, Fight,1060.0,,,,,,,,
353,385396.0, Fight,1070.0,,,,,,,,
354,387109.0, Touch,1329.9133,986.0010000000001,15.861510999999998,15.861510999999998,15.861510999999998,15.861510999999998,15.861510999999998,15.861510999999998,245.0
355,388170.0, Fight,1080.0,,,,,,,,
356,390087.0, Touch,1907.8802,378.0066,15.911864999999999,15.911864999999999,15.911864999999999,15.911864999999999,15.911864999999999,15.911864999999999,206.0
357,392119.0, Fight,1090.0,,,,,,,,
358,393525.0, Touch,1284.928,355.99,15.962219000000001,15.962219000000001,15.962219000000001,15.962219000000001,15.962219000000001,15.962219000000001,131.0
359,394145.0, Drop,104.0,,,,,,,,
360,395711.0, Touch,983.9190699999999,446.98975,16.012573,16.012573,16.012573,16.012573,,,153.0
361,395901.0, Drop,105.0,,,,,,,,
362,398120.0, Touch,1650.9082,937.97974,16.062927,16.062927,16.062927,16.062927,16.062927,16.062927,176.0
363,399017.0, Fight,1100.0,,,,,,,,
364,399705.0, Drop,106.0,,,,,,,,
365,400066.0, Fight,1110.0,,,,,,,,
366,401765.0, Touch,1605.9229,472.9944,16.113281,16.113281,16.113281,16.113281,,,184.0
367,402784.0, Drop,107.0,,,,,,,,
368,404485.0, Touch,1002.95654,898.0005,16.163635,16.163635,16.163635,16.163635,16.163635,16.163635,208.0
369,405516.0, Drop,108.0,,,,,,,,
370,407305.0, Touch,1379.9121,883.00415,16.21399,16.21399,16.21399,16.21399,,,131.0
371,408032.0, Drop,109.0,,,,,,,,
372,410467.0, Touch,699.91516,489.01245,16.264343,16.264343,16.264343,16.264343,,,127.0
373,411574.0, Drop,110.0,,,,,,,,
374,413567.0, Touch,1029.9207,516.00586,16.314697,16.314697,16.314697,16.314697,16.314697,16.314697,158.0
375,413639.0, Drop,111.0,,,,,,,,
376,413649.0, Fight,1120.0,,,,,,,,
377,413995.0, Fight,1130.0,,,,,,,,
378,416329.0, Touch,1002.95654,402.9895,16.365051,16.365051,16.365051,16.365051,16.365051,16.365051,117.0
379,416604.0, Drop,112.0,,,,,,,,
380,418495.0, Touch,1840.8765,1035.9998,16.415405,16.415405,16.415405,16.415405,16.415405,16.415405,183.0
381,421296.0, Drop,113.0,,,,,,,,
382,423014.0, Touch,1135.9479,873.9734,16.46576,16.46576,16.46576,16.46576,16.46576,16.46576,194.0
383,423787.0, Drop,114.0,,,,,,,,
384,425372.0, Touch,1138.9288,607.0056,16.516113,16.516113,16.516113,16.516113,16.516113,16.516113,159.0
385,425587.0, Drop,115.0,,,,,,,,
386,427286.0, Touch,742.9358,460.00854000000004,16.566467000000003,16.566467000000003,16.566467000000003,16.566467000000003,16.566467000000003,16.566467000000003,172.0
387,428067.0, Drop,116.0,,,,,,,,
388,432507.0, Touch,1041.9122,197.02881000000002,16.616820999999998,16.616820999999998,16.616820999999998,16.616820999999998,16.616820999999998,16.616820999999998,142.0
389,432613.0, Fight,1140.0,,,,,,,,
390,433278.0, Drop,117.0,,,,,,,,
391,433585.0, Drop,118.0,,,,,,,,
392,435615.0, Touch,828.9093,872.9846,16.667175,16.667175,16.667175,16.667175,,,134.0
393,436389.0, Drop,119.0,,,,,,,,
394,437925.0, Touch,787.92114,460.00854000000004,16.71753,16.71753,16.71753,16.71753,16.71753,16.71753,143.0
395,438685.0, Drop,120.0,,,,,,,,
396,440445.0, Touch,1148.9557,251.01562,16.767882999999998,16.767882999999998,16.767882999999998,16.767882999999998,,,115.0
397,441028.0, Drop,121.0,,,,,,,,
398,442934.0, Touch,981.95435,246.99462999999997,16.818237,16.818237,16.818237,16.818237,,,144.0
399,443359.0, Drop,122.0,,,,,,,,
400,443362.0, Fight,1150.0,,,,,,,,
401,445898.0, Touch,1209.9298,528.9917,16.868591000000002,16.868591000000002,16.868591000000002,16.868591000000002,16.868591000000002,16.868591000000002,269.0
402,446005.0, Drop,123.0,,,,,,,,
403,447769.0, Touch,678.91296,457.99805,16.918945,16.918945,16.918945,16.918945,16.918945,16.918945,184.0
404,448649.0, Drop,124.0,,,,,,,,
405,448656.0, Drop,125.0,,,,,,,,
406,449015.0, Drop,126.0,,,,,,,,
407,450885.0, Touch,1038.9313,832.4780000000001,16.9693,16.9693,16.9693,16.9693,16.9693,16.9693,109.0
408,451485.0, Drop,127.0,,,,,,,,
409,453377.0, Touch,1070.9088,795.00366,17.019652999999998,17.019652999999998,17.019652999999998,17.019652999999998,17.019652999999998,17.019652999999998,223.0
410,453389.0, Drop,128.0,,,,,,,,
411,453738.0, Drop,129.0,,,,,,,,
412,453744.0, Fight,1160.0,,,,,,,,
413,455577.0, Touch,1209.9298,799.98047,17.070007,17.070007,17.070007,17.070007,17.070007,17.070007,161.0
414,456033.0, Drop,130.0,,,,,,,,
415,457427.0, Touch,1169.9579,727.0093,17.120361,17.120361,17.120361,17.120361,,,152.0
416,457472.0, Fight,1170.0,,,,,,,,
417,460451.0, Touch,1932.8796,486.01318,17.170714999999998,17.170714999999998,17.170714999999998,17.170714999999998,17.170714999999998,17.170714999999998,293.0
418,461974.0, Drop,131.0,,,,,,,,
419,462261.0, Drop,132.0,,,,,,,,
420,465386.0, Touch,1331.9458,440.00244000000004,17.22107,17.22107,17.22107,17.22107,17.22107,17.22107,106.0
421,466024.0, Drop,133.0,,,,,,,,
422,467765.0, Touch,1008.91846,206.02661,17.271423000000002,17.271423000000002,17.271423000000002,17.271423000000002,,,148.0
423,468605.0, Drop,134.0,,,,,,,,
424,469344.0, Fight,1180.0,,,,,,,,
425,470126.0, Touch,1043.9447,363.99902000000003,17.321776999999997,17.321776999999997,17.321776999999997,17.321776999999997,17.321776999999997,17.321776999999997,211.0
426,471805.0, Touch,838.93616,864.9756,17.372131,17.372131,17.372131,17.372131,,,159.0
427,473315.0, Touch,743.952,976.45935,17.422485,17.422485,17.422485,17.422485,17.422485,17.422485,262.0
428,473387.0, Fight,1190.0,,,,,,,,
429,474129.0, Touch,703.91235,1008.9734,17.472839999999998,17.472839999999998,17.472839999999998,17.472839999999998,,,200.0
430,474210.0, Fight,1200.0,,,,,,,,
431,474588.0, Fight,1210.0,,,,,,,,
432,474591.0, Fight,1220.0,,,,,,,,
433,476725.0, Touch,1036.9666,149.99634,17.523193,17.523193,17.523193,17.523193,17.523193,17.523193,227.0
434,477494.0, Fight,1230.0,,,,,,,,
435,477501.0, Fight,1240.0,,,,,,,,
436,479470.0, Touch,996.9269,716.98975,17.573547,17.573547,17.573547,17.573547,,,154.0
437,479774.0, Fight,1250.0,,,,,,,,
438,481581.0, Touch,488.43658,426.52222,17.623901,17.623901,17.623901,17.623901,17.623901,17.623901,382.0
439,483474.0, Touch,958.9197,233.02002000000002,17.674255,17.674255,17.674255,17.674255,17.674255,17.674255,299.0
440,484066.0, Drop,135.0,,,,,,,,
441,484709.0, Drop,136.0,,,,,,,,
442,485136.0, Touch,1075.9222,362.02148,17.724610000000002,17.724610000000002,17.724610000000002,17.724610000000002,17.724610000000002,17.724610000000002,361.0
443,487900.0, Touch,1358.9099,463.99658,17.774963,17.774963,17.774963,17.774963,17.774963,17.774963,234.0
444,488305.0, Drop,137.0,,,,,,,,
445,489880.0, Touch,837.4118,363.01025,17.825317000000002,17.825317000000002,17.825317000000002,17.825317000000002,17.825317000000002,17.825317000000002,80.0
446,490555.0, Drop,138.0,,,,,,,,
447,490557.0, Drop,139.0,,,,,,,,
448,491976.0, Drop,140.0,,,,,,,,
449,492009.0, Touch,875.9271,610.0049,17.875671,17.875671,17.875671,17.875671,17.875671,17.875671,95.0
450,493978.0, Touch,1401.9305,996.9763,17.926025,17.926025,17.926025,17.926025,17.926025,17.926025,171.0
451,494238.0, Fight,1260.0,,,,,,,,
452,495189.0, Drop,141.0,,,,,,,,
453,497410.0, Touch,741.9195599999999,694.5117,17.97638,17.97638,17.97638,17.97638,17.97638,17.97638,163.0
454,497998.0, Drop,142.0,,,,,,,,
455,499336.0, Touch,1102.9541,252.99316000000002,18.026733,18.026733,18.026733,18.026733,18.026733,18.026733,132.0
456,500234.0, Drop,143.0,,,,,,,,
457,501575.0, Touch,1348.9508,852.9785,18.077087,18.077087,18.077087,18.077087,18.077087,18.077087,140.0
458,502667.0, Drop,144.0,,,,,,,,
459,504763.0, Touch,1531.9409,596.9861,18.127441,18.127441,18.127441,18.127441,18.127441,18.127441,140.0
460,505575.0, Drop,145.0,,,,,,,,
461,507200.0, Touch,1317.9218,328.99658,18.177795,18.177795,18.177795,18.177795,18.177795,18.177795,193.0
462,507812.0, Drop,146.0,,,,,,,,
463,509438.0, Touch,501.9525,410.00977,18.22815,18.22815,18.22815,18.22815,18.22815,18.22815,148.0
464,511097.0, Fight,1270.0,,,,,,,,
465,512573.0, Touch,821.93115,123.01941000000001,18.278503,18.278503,18.278503,18.278503,18.278503,18.278503,139.0
466,513845.0, Fight,1280.0,,,,,,,,
467,515075.0, Touch,1164.9445,217.00195,18.328857,18.328857,18.328857,18.328857,,,197.0
468,515853.0, Drop,147.0,,,,,,,,
469,518114.0, Touch,1300.9167,657.99316,18.379210999999998,18.379210999999998,18.379210999999998,18.379210999999998,,,160.0
470,518439.0, Drop,148.0,,,,,,,,
471,518997.0, Drop,149.0,,,,,,,,
472,520584.0, Touch,955.9387,242.01782000000003,18.429565,18.429565,18.429565,18.429565,18.429565,18.429565,135.0
473,521318.0, Drop,150.0,,,,,,,,
474,522778.0, Touch,1520.8978,607.0056,18.47992,18.47992,18.47992,18.47992,18.47992,18.47992,161.0
475,523200.0, Drop,151.0,,,,,,,,
476,523539.0, Fight,1290.0,,,,,,,,
477,527166.0, Touch,1911.8774,490.00122000000005,18.530273,18.530273,18.530273,18.530273,18.530273,18.530273,159.0
478,528614.0, Drop,152.0,,,,,,,,
479,528898.0, Drop,153.0,,,,,,,,
480,529209.0, Drop,154.0,,,,,,,,
481,529216.0, Drop,155.0,,,,,,,,
482,529219.0, Fight,1300.0,,,,,,,,
483,531726.0, Touch,2112.8887,516.00586,18.580627,18.580627,18.580627,18.580627,18.580627,18.580627,100.0
484,533739.0, Drop,156.0,,,,,,,,
485,533996.0, Drop,157.0,,,,,,,,
486,535814.0, Touch,888.93494,710.0024400000001,18.630981,18.630981,18.630981,18.630981,,,130.0
487,536079.0, Fight,1310.0,,,,,,,,
488,536618.0, Drop,158.0,,,,,,,,
489,537899.0, Touch,1309.9274,764.9780000000001,18.681335,18.681335,18.681335,18.681335,18.681335,18.681335,157.0
490,538709.0, Drop,159.0,,,,,,,,
491,541451.0, Touch,683.9264,989.0002400000001,18.73169,18.73169,18.73169,18.73169,,,112.0
492,541534.0, Drop,160.0,,,,,,,,
493,543319.0, Drop,161.0,,,,,,,,
494,543988.0, Fight,1320.0,,,,,,,,
495,545365.0, Touch,1420.9003,63.01758,18.782042999999998,18.782042999999998,18.782042999999998,18.782042999999998,,,160.0
496,546490.0, Drop,162.0,,,,,,,,
497,548754.0, Touch,438.94592,499.9878,18.832397,18.832397,18.832397,18.832397,,,166.0
498,549915.0, Drop,163.0,,,,,,,,
499,550639.0, Drop,164.0,,,,,,,,
500,550643.0, Drop,165.0,,,,,,,,
501,552163.0, Touch,990.9649699999999,795.99243,18.882751000000003,18.882751000000003,18.882751000000003,18.882751000000003,18.882751000000003,18.882751000000003,164.0
502,552777.0, Drop,166.0,,,,,,,,
503,554654.0, Touch,902.959,507.99683,18.933104999999998,18.933104999999998,18.933104999999998,18.933104999999998,18.933104999999998,18.933104999999998,185.0
504,554936.0, Drop,167.0,,,,,,,,
505,555615.0, Fight,1330.0,,,,,,,,
506,556770.0, Touch,660.9595,366.9983,18.98346,18.98346,18.98346,18.98346,18.98346,18.98346,194.0
507,558007.0, Drop,168.0,,,,,,,,
508,559666.0, Touch,260.96924,801.9909700000001,19.033813000000002,19.033813000000002,19.033813000000002,19.033813000000002,,,169.0
509,561660.0, Drop,169.0,,,,,,,,
510,562093.0, Drop,170.0,,,,,,,,
511,563878.0, Touch,921.9287,281.0083,19.084167,19.084167,19.084167,19.084167,,,164.0
512,564514.0, Drop,171.0,,,,,,,,
513,566329.0, Touch,1210.9460000000001,997.99805,19.134521,19.134521,19.134521,19.134521,,,173.0
514,567366.0, Drop,172.0,,,,,,,,
515,569170.0, Touch,1423.9489999999998,999.9756,19.184875,19.184875,19.184875,19.184875,19.184875,19.184875,225.0
516,570455.0, Drop,173.0,,,,,,,,
517,570466.0, Drop,174.0,,,,,,,,
518,572104.0, Touch,587.9259999999999,549.9866,19.235229999999998,19.235229999999998,19.235229999999998,19.235229999999998,19.235229999999998,19.235229999999998,328.0
519,572958.0, Fight,1340.0,,,,,,,,
520,574410.0, Touch,1974.9518,549.4757,19.285583,19.285583,19.285583,19.285583,19.285583,19.285583,182.0
521,576506.0, Fight,1350.0,,,,,,,,
522,577299.0, Touch,1672.9266,478.00415,19.335938,19.335938,19.335938,19.335938,19.335938,19.335938,157.0
523,578370.0, Fight,1360.0,,,,,,,,
524,578748.0, Drop,175.0,,,,,,,,
525,581757.0, Touch,1967.9059,525.00366,19.386292,19.386292,19.386292,19.386292,,,120.0
526,582206.0, Drop,176.0,,,,,,,,
527,583319.0, Fight,1370.0,,,,,,,,
528,583949.0, Fight,1380.0,,,,,,,,
529,585979.0, Touch,2188.9033,78.01391600000001,19.436646,19.436646,19.436646,19.436646,,,152.0
