,Time,Event,X-coord,Y-coord,down-contact-minor,down-contact-major,up-contact-minor,up-contact-major,average-move-contact-minor,average-move-contact-major,move-time
0,0.0, Touch,1182.8980000000001,313.01147000000003,,,0.40283203,0.40283203,,,
1,1668.0, Touch,1481.8744,704.9927,0.45318604,0.45318604,0.45318604,0.45318604,0.45318603999999996,0.45318603999999996,177.0
2,2287.0, Fight,10.0,,,,,,,,
3,3105.0, Fight,20.0,,,,,,,,
4,3105.0, Fight,30.0,,,,,,,,
5,3738.0, Touch,1415.9546,427.0166,0.50354004,0.50354004,0.50354004,0.50354004,0.50354004,0.50354004,224.0
6,4221.0, Fight,40.0,,,,,,,,
7,4961.0, Fight,50.0,,,,,,,,
8,5084.0, Touch,1535.9381,443.99048,0.55389404,0.55389404,0.55389404,0.55389404,,,186.0
9,5431.0, Fight,60.0,,,,,,,,
10,7250.0, Touch,1640.9502,360.99976000000004,0.60424805,0.60424805,0.60424805,0.60424805,0.60424805,0.60424805,236.0
11,8533.0, Fight,70.0,,,,,,,,
12,8834.0, Touch,1769.9432,698.0054,0.65460205,0.65460205,0.65460205,0.65460205,0.65460205,0.65460205,197.0
13,9853.0, Drop,1.0,,,,,,,,
14,10056.0, Fight,80.0,,,,,,,,
15,11326.0, Touch,1097.9407,814.9768,0.70495605,0.70495605,0.70495605,0.70495605,0.70495605,0.70495605,240.0
16,11501.0, Fight,90.0,,,,,,,,
17,13210.0, Touch,943.94714,927.0044,0.75531006,0.75531006,0.75531006,0.75531006,,,184.0
18,13914.0, Drop,2.0,,,,,,,,
19,14774.0, Touch,858.9221,734.98535,0.80566406,0.80566406,0.80566406,0.80566406,0.80566406,0.80566406,210.0
20,15151.0, Fight,100.0,,,,,,,,
21,15630.0, Drop,3.0,,,,,,,,
22,15831.0, Touch,843.9496,863.9868,0.85601807,0.85601807,0.85601807,0.85601807,0.8560180700000001,0.8560180700000001,289.0
23,16101.0, Drop,4.0,,,,,,,,
24,17708.0, Touch,857.9736300000001,88.00049,0.9063720999999999,0.9063720999999999,0.9063720999999999,0.9063720999999999,0.9063720999999999,0.9063720999999999,234.0
25,19051.0, Drop,5.0,,,,,,,,
26,21001.0, Touch,1199.903,261.0022,0.9567261,0.9567261,0.9567261,0.9567261,0.9567261000000001,0.9567261000000001,215.0
27,21465.0, Fight,110.0,,,,,,,,
28,21906.0, Fight,120.0,,,,,,,,
29,22811.0, Touch,1440.954,504.99755999999996,1.0070801,1.0070801,1.0070801,1.0070801,1.0070801,1.0070801,264.0
30,23666.0, Drop,6.0,,,,,,,,
31,24232.0, Touch,1070.9088,234.99756000000002,1.0574341,1.0574341,1.0574341,1.0574341,1.0574341,1.0574341,256.0
32,25987.0, Fight,130.0,,,,,,,,
33,26148.0, Touch,999.9078400000001,574.52454,1.1077881,1.1077881,1.1077881,1.1077881,1.1077881,1.1077881,232.0
34,27555.0, Touch,965.9656,313.01147000000003,1.1581421,1.1581421,1.1581421,1.1581421,1.1581420999999998,1.1581420999999998,281.0
35,28006.0, Drop,7.0,,,,,,,,
36,29045.0, Touch,906.9562,1031.9788,1.2084961,1.2084961,1.2084961,1.2084961,,,192.0
37,29970.0, Fight,140.0,,,,,,,,
38,30183.0, Drop,8.0,,,,,,,,
39,30988.0, Drop,9.0,,,,,,,,
40,31081.0, Touch,1118.9429,804.99023,1.2588501,1.2588501,1.2588501,1.2588501,,,302.0
41,32107.0, Touch,809.9396,631.9885,1.3092041,1.3092041,1.3092041,1.3092041,,,207.0
42,32557.0, Fight,150.0,,,,,,,,
43,33335.0, Touch,1272.0339999999999,810.0,1.3595581,1.3595581,1.3595581,1.3595581,1.3595581,1.3595581,257.0
44,33895.0, Fight,160.0,,,,,,,,
45,34730.0, Touch,1107.6774,854.0002400000001,1.4099121000000001,1.4099121000000001,1.4099121000000001,1.4099121000000001,1.4099121000000003,1.4099121000000003,246.0
46,35017.0, Fight,170.0,,,,,,,,
47,36365.0, Touch,599.9176,145.01953,1.4602661,1.4602661,1.4602661,1.4602661,1.4602661,1.4602661,272.0
48,37640.0, Touch,584.94507,680.99854,1.5106201000000001,1.5106201000000001,1.5106201000000001,1.5106201000000001,1.5106201000000004,1.5106201000000004,256.0
49,38422.0, Fight,180.0,,,,,,,,
50,39139.0, Touch,740.97107,645.0073,1.5609741000000001,1.5609741000000001,1.5609741000000001,1.5609741000000001,,,257.0
51,39587.0, Drop,10.0,,,,,,,,
52,39587.0, Drop,11.0,,,,,,,,
53,40113.0, Fight,190.0,,,,,,,,
54,40139.0, Touch,754.4531,602.9846,1.6113281000000002,1.6113281000000002,1.6113281000000002,1.6113281000000002,1.6113281,1.6113281,304.0
55,41143.0, Touch,1286.9604,261.0022,1.6616821,1.6616821,1.6616821,1.6616821,1.6616821,1.6616821,248.0
56,41521.0, Drop,12.0,,,,,,,,
57,42264.0, Fight,200.0,,,,,,,,
58,42329.0, Touch,1287.9089,354.01245,1.7120361000000002,1.7120361000000002,1.7120361000000002,1.7120361000000002,1.7120361000000002,1.7120361000000002,296.0
59,42518.0, Fight,210.0,,,,,,,,
60,43499.0, Touch,1355.9289999999999,778.9856,1.7623901000000002,1.7623901000000002,1.7623901000000002,1.7623901000000002,1.7623901000000008,1.7623901000000008,224.0
61,43881.0, Fight,220.0,,,,,,,,
62,44373.0, Touch,1286.9604,1012.9944,1.8127441000000002,1.8127441000000002,1.8127441000000002,1.8127441000000002,1.8127441,1.8127441,248.0
63,45021.0, Fight,230.0,,,,,,,,
64,45021.0, Fight,240.0,,,,,,,,
65,45655.0, Touch,1352.9479999999999,515.0171,1.8630981,1.8630981,1.8630981,1.8630981,1.8630981,1.8630981,232.0
66,46940.0, Fight,250.0,,,,,,,,
67,47003.0, Touch,1065.9631,502.98706,1.9134521,1.9134521,1.9134521,1.9134521,1.9134521000000004,1.9134521000000004,282.0
68,48038.0, Touch,1021.9263,519.9939,1.9638061999999998,1.9638061999999998,1.9638061999999998,1.9638061999999998,1.9638061999999998,1.9638061999999998,161.0
69,49168.0, Fight,260.0,,,,,,,,
70,49286.0, Touch,1201.9354,699.9829,2.0141602,2.0141602,2.0141602,2.0141602,2.0141602,2.0141602,175.0
71,50593.0, Touch,804.92615,183.97937,2.0645142,2.0645142,2.0645142,2.0645142,2.0645142,2.0645142,248.0
72,51337.0, Fight,270.0,,,,,,,,
73,52272.0, Touch,1554.9078,315.02197,2.1148682,2.1148682,2.1148682,2.1148682,2.1148682,2.1148682,235.0
74,54320.0, Touch,838.93616,804.99023,2.1652222,2.1652222,2.1652222,2.1652222,2.1652221999999997,2.1652221999999997,271.0
75,54822.0, Drop,13.0,,,,,,,,
76,55828.0, Touch,1435.9406,407.99927,2.2155762,2.2155762,2.2155762,2.2155762,,,231.0
77,56489.0, Drop,14.0,,,,,,,,
78,56822.0, Touch,1457.8912,305.00244,2.2659302,2.2659302,2.2659302,2.2659302,2.2659302,2.2659302,240.0
79,57263.0, Drop,15.0,,,,,,,,
80,58152.0, Touch,882.9730000000001,350.21,2.3162842,2.3162842,2.3162842,2.3162842,2.3162842,2.3162842,248.0
81,58625.0, Fight,280.0,,,,,,,,
82,59769.0, Touch,473.97217,972.9822,2.3666382,2.3666382,2.3666382,2.3666382,,,227.0
83,60542.0, Drop,16.0,,,,,,,,
84,61331.0, Drop,17.0,,,,,,,,
85,61618.0, Fight,290.0,,,,,,,,
86,62193.0, Fight,300.0,,,,,,,,
87,62300.0, Touch,1013.9319,390.99242999999996,2.4169922,2.4169922,2.4169922,2.4169922,,,232.0
88,63818.0, Touch,885.954,617.02515,2.4673462,2.4673462,2.4673462,2.4673462,2.4673462,2.4673462,218.0
89,64195.0, Fight,310.0,,,,,,,,
90,65178.0, Touch,1493.8110000000001,176.00098,2.5177002,2.5177002,2.5177002,2.5177002,2.5177002,2.5177002,288.0
91,66158.0, Drop,18.0,,,,,,,,
92,66387.0, Drop,19.0,,,,,,,,
93,66741.0, Touch,682.9779,571.0144,2.5680542,2.5680542,2.5680542,2.5680542,2.5680542,2.5680542,191.0
94,67697.0, Drop,20.0,,,,,,,,
95,68473.0, Touch,1782.951,505.98633,2.6184082,2.6184082,2.6184082,2.6184082,2.6184082000000006,2.6184082000000006,199.0
96,68783.0, Fight,320.0,,,,,,,,
97,70285.0, Drop,21.0,,,,,,,,
98,71078.0, Touch,668.3735,418.0188,2.6687622,2.6687622,2.6687622,2.6687622,2.6687622,2.6687622,216.0
99,72381.0, Drop,22.0,,,,,,,,
100,72738.0, Touch,806.9586,305.9912,2.7191162,2.7191162,2.7191162,2.7191162,2.7191162,2.7191162,256.0
101,73183.0, Drop,23.0,,,,,,,,
102,74390.0, Touch,1601.9257,483.01392000000004,2.7694702,2.7694702,2.7694702,2.7694702,,,218.0
103,75583.0, Fight,330.0,,,,,,,,
104,76721.0, Touch,838.93616,255.99242999999998,2.8198242000000002,2.8198242000000002,2.8198242000000002,2.8198242000000002,2.8198242,2.8198242,271.0
105,76750.0, Fight,340.0,,,,,,,,
106,77363.0, Drop,24.0,,,,,,,,
107,78725.0, Touch,1725.9064,821.9971,2.8701782000000002,2.8701782000000002,2.8701782000000002,2.8701782000000002,2.8701782000000002,2.8701782000000002,231.0
108,80303.0, Drop,25.0,,,,,,,,
109,81001.0, Touch,1372.934,460.9973,2.9205322,2.9205322,2.9205322,2.9205322,2.9205322,2.9205322,256.0
110,81079.0, Drop,26.0,,,,,,,,
111,81546.0, Drop,27.0,,,,,,,,
112,82437.0, Touch,1079.9194,359.07996,2.9708862000000003,2.9708862000000003,2.9708862000000003,2.9708862000000003,2.9708862000000003,2.9708862000000003,246.0
113,82615.0, Drop,28.0,,,,,,,,
114,83644.0, Touch,1254.9152,591.004,3.0212402000000003,3.0212402000000003,3.0212402000000003,3.0212402000000003,3.0212402000000003,3.0212402000000003,173.0
115,83748.0, Drop,29.0,,,,,,,,
116,84713.0, Touch,1226.9348,656.06995,3.0715942000000003,3.0715942000000003,3.0715942000000003,3.0715942000000003,3.0715942000000003,3.0715942000000003,143.0
117,85180.0, Fight,350.0,,,,,,,,
118,85180.0, Fight,360.0,,,,,,,,
119,85243.0, Touch,1211.9623,852.2341,3.1219482000000003,3.1219482000000003,3.1219482000000003,3.1219482000000003,3.1219482000000003,3.1219482000000003,160.0
120,85851.0, Drop,30.0,,,,,,,,
121,87225.0, Touch,392.94434,695.9949,3.1723022000000003,3.1723022000000003,3.1723022000000003,3.1723022000000003,3.1723022000000003,3.1723022000000003,282.0
122,88751.0, Drop,31.0,,,,,,,,
123,89244.0, Touch,1421.3914,742.0056,3.2226562000000003,3.2226562000000003,3.2226562000000003,3.2226562000000003,3.2226562000000003,3.2226562000000003,177.0
124,90334.0, Fight,370.0,,,,,,,,
125,91739.0, Drop,32.0,,,,,,,,
126,91863.0, Touch,1206.9489,571.0144,3.2730102999999997,3.2730102999999997,3.2730102999999997,3.2730102999999997,,,192.0
127,92602.0, Touch,1399.8981,74.02588,3.3233642999999997,3.3233642999999997,3.3233642999999997,3.3233642999999997,,,169.0
128,93510.0, Touch,1362.9071,155.0061,3.3737182999999997,3.3737182999999997,3.3737182999999997,3.3737182999999997,,,221.0
129,94328.0, Touch,1529.9424,213.01392,3.4240722999999997,3.4240722999999997,3.4240722999999997,3.4240722999999997,3.4240722999999993,3.4240722999999993,207.0
130,95346.0, Drop,33.0,,,,,,,,
131,95386.0, Touch,1477.8403,334.00635,3.4744262999999997,3.4744262999999997,3.4744262999999997,3.4744262999999997,3.4744262999999997,3.4744262999999997,263.0
132,95835.0, Fight,380.0,,,,,,,,
133,96597.0, Touch,1572.9291,707.0032,3.5247803,3.5247803,3.5247803,3.5247803,3.5247803,3.5247803,240.0
134,97514.0, Fight,390.0,,,,,,,,
135,97718.0, Touch,1379.7734,497.87527,3.5751343,3.5751343,3.5751343,3.5751343,3.5751343000000015,3.5751343000000015,239.0
136,97936.0, Fight,400.0,,,,,,,,
137,98852.0, Touch,806.9586,758.9795,3.6254883,3.6254883,3.6254883,3.6254883,3.6254883,3.6254883,183.0
138,99756.0, Fight,410.0,,,,,,,,
139,100028.0, Touch,680.94543,704.9927,3.6758422999999993,3.6758422999999993,3.6758422999999993,3.6758422999999993,3.6758422999999993,3.6758422999999993,257.0
140,100672.0, Fight,420.0,,,,,,,,
141,101183.0, Drop,34.0,,,,,,,,
142,101582.0, Touch,1484.9231,551.0083,3.7261963,3.7261963,3.7261963,3.7261963,,,208.0
143,102185.0, Fight,430.0,,,,,,,,
144,102930.0, Touch,1255.9314,1001.9861,3.7765503,3.7765503,3.7765503,3.7765503,3.7765503,3.7765503,208.0
145,103435.0, Fight,440.0,,,,,,,,
146,103641.0, Fight,450.0,,,,,,,,
147,104509.0, Touch,1152.9529,906.9983,3.8269043,3.8269043,3.8269043,3.8269043,3.8269043000000003,3.8269043000000003,185.0
148,104764.0, Fight,460.0,,,,,,,,
149,105196.0, Drop,35.0,,,,,,,,
150,105494.0, Touch,1099.9054,933.7433,3.8772583,3.8772583,3.8772583,3.8772583,3.8772583,3.8772583,200.0
151,105592.0, Fight,470.0,,,,,,,,
152,106873.0, Touch,896.9293,415.01953,3.9276123,3.9276123,3.9276123,3.9276123,3.9276123,3.9276123,199.0
153,106897.0, Fight,480.0,,,,,,,,
154,107990.0, Touch,740.97107,586.01074,3.9779663,3.9779663,3.9779663,3.9779663,3.9779663,3.9779663,226.0
155,108581.0, Drop,36.0,,,,,,,,
156,109350.0, Touch,1303.4978,965.9949,4.0283203,4.0283203,4.0283203,4.0283203,4.0283203,4.0283203,160.0
157,110227.0, Touch,1389.9389999999999,1024.9915,4.078674299999999,4.078674299999999,4.078674299999999,4.078674299999999,,,219.0
158,112107.0, Touch,874.9109,886.0034,4.1290283,4.1290283,4.1290283,4.1290283,,,159.0
159,113247.0, Touch,926.94214,968.99414,4.179382299999999,4.179382299999999,4.179382299999999,4.179382299999999,4.179382299999999,4.179382299999999,241.0
160,114410.0, Touch,857.9736300000001,734.98535,4.2297363,4.2297363,4.2297363,4.2297363,4.2297363,4.2297363,174.0
161,115300.0, Touch,855.94116,575.9912,4.2800902999999995,4.2800902999999995,4.2800902999999995,4.2800902999999995,4.2800902999999995,4.2800902999999995,258.0
162,116173.0, Touch,904.9237,499.9878,4.3304443,4.3304443,4.3304443,4.3304443,4.3304443,4.3304443,193.0
163,116877.0, Touch,1069.9603,278.9978,4.3807983,4.3807983,4.3807983,4.3807983,4.3807983,4.3807983,223.0
164,117905.0, Touch,1070.9088,213.01392,4.4311523,4.4311523,4.4311523,4.4311523,,,184.0
165,118979.0, Touch,1114.9457,86.02295,4.4815062999999995,4.4815062999999995,4.4815062999999995,4.4815062999999995,,,175.0
166,120029.0, Touch,1270.9039,242.01782000000003,4.5318604,4.5318604,4.5318604,4.5318604,,,210.0
167,121159.0, Touch,1245.9045,125.01343,4.5822144,4.5822144,4.5822144,4.5822144,,,165.0
168,122105.0, Touch,1092.9272,199.99512,4.6325684,4.6325684,4.6325684,4.6325684,4.6325684,4.6325684,207.0
169,122329.0, Drop,37.0,,,,,,,,
170,123179.0, Touch,1496.9147,384.00513,4.6829224,4.6829224,4.6829224,4.6829224,,,192.0
171,123691.0, Drop,38.0,,,,,,,,
172,124494.0, Touch,1654.9054,363.99902000000003,4.7332764,4.7332764,4.7332764,4.7332764,4.7332764,4.7332764,273.0
173,124915.0, Fight,490.0,,,,,,,,
174,125163.0, Fight,500.0,,,,,,,,
175,125335.0, Touch,1549.8944,410.99854,4.783630400000001,4.783630400000001,4.783630400000001,4.783630400000001,4.783630400000001,4.783630400000001,238.0
176,125884.0, Drop,39.0,,,,,,,,
177,126405.0, Touch,1113.9294,264.00146,4.8339844,4.8339844,4.8339844,4.8339844,4.833984399999999,4.833984399999999,212.0
178,126607.0, Fight,510.0,,,,,,,,
179,127537.0, Touch,974.90845,299.99268,4.884338400000001,4.884338400000001,4.884338400000001,4.884338400000001,4.884338400000002,4.884338400000002,264.0
180,127571.0, Drop,40.0,,,,,,,,
181,127806.0, Fight,520.0,,,,,,,,
182,128489.0, Drop,41.0,,,,,,,,
183,128491.0, Touch,987.91626,590.98755,4.9346924,4.9346924,4.9346924,4.9346924,4.934692400000001,4.934692400000001,241.0
184,129499.0, Touch,1340.9564,681.5094,4.985046400000001,4.985046400000001,4.985046400000001,4.985046400000001,4.985046400000001,4.985046400000001,175.0
185,129940.0, Fight,530.0,,,,,,,,
186,130751.0, Touch,1267.923,396.0022,5.0354004,5.0354004,5.0354004,5.0354004,5.0354004,5.0354004,255.0
187,130919.0, Fight,540.0,,,,,,,,
188,134037.0, Touch,633.9276,1062.9932,5.0857544,5.0857544,5.0857544,5.0857544,,,174.0
189,136030.0, Fight,550.0,,,,,,,,
190,136940.0, Touch,1769.9432,710.0024400000001,5.1361084,5.1361084,5.1361084,5.1361084,5.1361084,5.1361084,240.0
191,138286.0, Fight,560.0,,,,,,,,
192,138841.0, Touch,794.96704,880.99365,5.1864624,5.1864624,5.1864624,5.1864624,5.186462399999999,5.186462399999999,192.0
193,139619.0, Fight,570.0,,,,,,,,
194,140420.0, Touch,970.91125,342.01538,5.2368164,5.2368164,5.2368164,5.2368164,5.2368164,5.2368164,198.0
195,141967.0, Touch,585.9613,343.01727,5.287170400000001,5.287170400000001,5.287170400000001,5.287170400000001,5.287170400000001,5.287170400000001,185.0
196,143287.0, Drop,42.0,,,,,,,,
197,143782.0, Fight,580.0,,,,,,,,
198,144029.0, Touch,1004.92126,425.0061,5.3375244,5.3375244,5.3375244,5.3375244,,,217.0
199,145645.0, Touch,1394.9524,474.0161,5.387878400000001,5.387878400000001,5.387878400000001,5.387878400000001,5.387878400000001,5.387878400000001,191.0
200,146037.0, Drop,43.0,,,,,,,,
201,146037.0, Drop,44.0,,,,,,,,
202,147313.0, Touch,1020.4562400000001,301.0144,5.4382324,5.4382324,5.4382324,5.4382324,5.4382324,5.4382324,191.0
203,147454.0, Drop,45.0,,,,,,,,
204,148544.0, Touch,574.47784,680.50415,5.4885864,5.4885864,5.4885864,5.4885864,5.4885864,5.4885864,232.0
205,149395.0, Fight,590.0,,,,,,,,
206,149607.0, Touch,779.92676,912.9968,5.5389404,5.5389404,5.5389404,5.5389404,5.5389404,5.5389404,263.0
207,150658.0, Touch,697.9504400000001,846.98,5.5892944,5.5892944,5.5892944,5.5892944,5.5892944,5.5892944,200.0
208,150730.0, Fight,600.0,,,,,,,,
209,151621.0, Drop,46.0,,,,,,,,
210,151921.0, Drop,47.0,,,,,,,,
211,151921.0, Drop,48.0,,,,,,,,
212,153735.0, Touch,1403.8953,531.9909700000001,5.6396484000000004,5.6396484000000004,5.6396484000000004,5.6396484000000004,5.6396484000000004,5.6396484000000004,135.0
213,154186.0, Drop,49.0,,,,,,,,
214,155393.0, Touch,205.95703,634.9878,5.690002400000001,5.690002400000001,5.690002400000001,5.690002400000001,5.690002400000001,5.690002400000001,197.0
215,156403.0, Fight,610.0,,,,,,,,
216,157190.0, Fight,620.0,,,,,,,,
217,157432.0, Drop,50.0,,,,,,,,
218,157432.0, Fight,630.0,,,,,,,,
219,158926.0, Touch,1581.9397,325.00854,5.7403564000000005,5.7403564000000005,5.7403564000000005,5.7403564000000005,5.7403564000000005,5.7403564000000005,111.0
220,160037.0, Drop,51.0,,,,,,,,
221,161549.0, Touch,1047.9419,187.99805,5.790710400000001,5.790710400000001,5.790710400000001,5.790710400000001,5.790710400000001,5.790710400000001,168.0
222,162386.0, Fight,640.0,,,,,,,,
223,162387.0, Fight,650.0,,,,,,,,
224,164113.0, Touch,1204.9164,601.0071,5.8410645,5.8410645,5.8410645,5.8410645,,,135.0
225,164135.0, Drop,52.0,,,,,,,,
226,165725.0, Touch,938.9337,281.0083,5.8914184999999994,5.8914184999999994,5.8914184999999994,5.8914184999999994,5.8914184999999994,5.8914184999999994,184.0
227,165996.0, Fight,660.0,,,,,,,,
228,166242.0, Drop,53.0,,,,,,,,
229,166242.0, Drop,54.0,,,,,,,,
230,168209.0, Touch,1325.9161,264.00146,5.9417725,5.9417725,5.9417725,5.9417725,,,208.0
231,168781.0, Fight,670.0,,,,,,,,
232,170142.0, Touch,494.97437,419.99634000000003,5.9921265,5.9921265,5.9921265,5.9921265,,,207.0
233,170906.0, Drop,55.0,,,,,,,,
234,171565.0, Fight,680.0,,,,,,,,
235,172463.0, Fight,690.0,,,,,,,,
236,172614.0, Touch,1191.9086,651.00586,6.0424805,6.0424805,6.0424805,6.0424805,6.0424805,6.0424805,177.0
237,173870.0, Touch,1140.9613,61.00708,6.0928345,6.0928345,6.0928345,6.0928345,6.0928345,6.0928345,175.0
238,175050.0, Fight,700.0,,,,,,,,
239,176149.0, Touch,1852.9358,855.9778,6.1431885,6.1431885,6.1431885,6.1431885,,,195.0
240,178558.0, Fight,710.0,,,,,,,,
241,181834.0, Touch,1086.9653,1046.9751,6.1935425,6.1935425,6.1935425,6.1935425,,,191.0
242,182898.0, Drop,56.0,,,,,,,,
243,183141.0, Fight,720.0,,,,,,,,
244,184428.0, Touch,906.9562,586.01074,6.2438965,6.2438965,6.2438965,6.2438965,,,199.0
245,184459.0, Fight,730.0,,,,,,,,
246,185768.0, Touch,916.9153,595.00854,6.2942504999999995,6.2942504999999995,6.2942504999999995,6.2942504999999995,6.2942504999999995,6.2942504999999995,173.0
247,186107.0, Fight,740.0,,,,,,,,
248,187340.0, Touch,614.9579,515.0171,6.3446045,6.3446045,6.3446045,6.3446045,6.3446045,6.3446045,205.0
249,188039.0, Drop,57.0,,,,,,,,
250,188582.0, Touch,1381.9446,86.02295,6.3949584999999995,6.3949584999999995,6.3949584999999995,6.3949584999999995,6.3949585,6.3949585,160.0
251,190009.0, Touch,1364.9396,540.0,6.4453125,6.4453125,6.4453125,6.4453125,6.4453125,6.4453125,217.0
252,190299.0, Drop,58.0,,,,,,,,
253,191472.0, Touch,1908.8965,965.9949,6.4956665000000005,6.4956665000000005,6.4956665000000005,6.4956665000000005,6.4956665000000005,6.4956665000000005,192.0
254,193767.0, Drop,59.0,,,,,,,,
255,194776.0, Touch,1222.4294,961.4795,6.5460205,6.5460205,6.5460205,6.5460205,6.546020499999998,6.546020499999998,258.0
256,195747.0, Fight,750.0,,,,,,,,
257,196057.0, Touch,1374.8987,817.9761,6.5963745,6.5963745,6.5963745,6.5963745,,,199.0
258,196520.0, Drop,60.0,,,,,,,,
259,196783.0, Drop,61.0,,,,,,,,
260,197331.0, Touch,1304.914,267.00073,6.6467285,6.6467285,6.6467285,6.6467285,,,183.0
261,197517.0, Fight,760.0,,,,,,,,
262,198995.0, Touch,908.9209,388.5205,6.6970825,6.6970825,6.6970825,6.6970825,6.6970825,6.6970825,211.0
263,199609.0, Fight,770.0,,,,,,,,
264,200764.0, Touch,1159.931,780.9961,6.747436500000001,6.747436500000001,6.747436500000001,6.747436500000001,6.747436500000001,6.747436500000001,177.0
265,201287.0, Drop,62.0,,,,,,,,
266,202239.0, Touch,1834.9146,880.99365,6.7977905,6.7977905,6.7977905,6.7977905,,,186.0
267,204140.0, Fight,780.0,,,,,,,,
268,204853.0, Touch,1318.9379999999999,32.003174,6.848144500000001,6.848144500000001,6.848144500000001,6.848144500000001,,,193.0
269,206547.0, Touch,984.9353,284.50195,6.8984985,6.8984985,6.8984985,6.8984985,6.898498500000001,6.898498500000001,251.0
270,207005.0, Drop,63.0,,,,,,,,
271,207785.0, Fight,790.0,,,,,,,,
272,207954.0, Touch,1214.9432,441.02417,6.948852499999999,6.948852499999999,6.948852499999999,6.948852499999999,6.948852499999998,6.948852499999998,206.0
273,209373.0, Touch,611.9769,271.02173,6.9992065000000006,6.9992065000000006,6.9992065000000006,6.9992065000000006,6.9992065000000006,6.9992065000000006,192.0
274,210818.0, Drop,64.0,,,,,,,,
275,210897.0, Touch,514.9603,817.9761,7.049560499999999,7.049560499999999,7.049560499999999,7.049560499999999,7.049560499999999,7.049560499999999,216.0
276,211751.0, Drop,65.0,,,,,,,,
277,212254.0, Drop,66.0,,,,,,,,
278,214377.0, Touch,1342.9211,595.9973,7.099914599999999,7.099914599999999,7.099914599999999,7.099914599999999,7.099914599999999,7.099914599999999,192.0
279,214550.0, Fight,800.0,,,,,,,,
280,216085.0, Touch,536.97876,455.98755,7.1502686,7.1502686,7.1502686,7.1502686,,,192.0
281,217174.0, Drop,67.0,,,,,,,,
282,218403.0, Touch,1640.9491,374.01855,7.200622599999999,7.200622599999999,7.200622599999999,7.200622599999999,,,193.0
283,219399.0, Drop,68.0,,,,,,,,
284,219399.0, Fight,810.0,,,,,,,,
285,221105.0, Touch,319.97864,418.0188,7.2509766,7.2509766,7.2509766,7.2509766,,,178.0
286,222929.0, Drop,69.0,,,,,,,,
287,223781.0, Touch,1499.8956,489.01245,7.3013306,7.3013306,7.3013306,7.3013306,7.3013306,7.3013306,199.0
288,226354.0, Drop,70.0,,,,,,,,
289,226355.0, Fight,820.0,,,,,,,,
290,226422.0, Touch,1214.9432,574.0137,7.351684599999999,7.351684599999999,7.351684599999999,7.351684599999999,,,192.0
291,228154.0, Touch,1515.74,413.00903,7.4020386,7.4020386,7.4020386,7.4020386,7.4020386,7.4020386,167.0
292,229071.0, Drop,71.0,,,,,,,,
293,229071.0, Drop,72.0,,,,,,,,
294,229600.0, Fight,830.0,,,,,,,,
295,230256.0, Touch,1303.8977,340.00487999999996,7.4523926,7.4523926,7.4523926,7.4523926,7.4523926,7.4523926,233.0
296,230420.0, Drop,73.0,,,,,,,,
297,230421.0, Fight,840.0,,,,,,,,
298,230935.0, Fight,850.0,,,,,,,,
299,231746.0, Touch,1177.8903,595.00854,7.5027466,7.5027466,7.5027466,7.5027466,7.5027466,7.5027466,88.0
300,233164.0, Touch,935.95276,375.9961,7.5531006,7.5531006,7.5531006,7.5531006,,,188.0
301,233457.0, Fight,860.0,,,,,,,,
302,234242.0, Touch,797.948,586.01074,7.6034546,7.6034546,7.6034546,7.6034546,,,193.0
303,234537.0, Fight,870.0,,,,,,,,
304,234801.0, Fight,880.0,,,,,,,,
305,236033.0, Fight,890.0,,,,,,,,
306,236204.0, Touch,1225.9186,763.98926,7.6538086,7.6538086,7.6538086,7.6538086,7.6538086,7.6538086,199.0
307,236290.0, Drop,74.0,,,,,,,,
308,238156.0, Drop,75.0,,,,,,,,
309,238202.0, Touch,606.9635,475.99365,7.704162599999999,7.704162599999999,7.704162599999999,7.704162599999999,,,202.0
310,238419.0, Drop,76.0,,,,,,,,
311,239158.0, Drop,77.0,,,,,,,,
312,239158.0, Fight,900.0,,,,,,,,
313,240686.0, Touch,804.92615,245.01709,7.7545166,7.7545166,7.7545166,7.7545166,,,214.0
314,241016.0, Drop,78.0,,,,,,,,
315,241016.0, Fight,910.0,,,,,,,,
316,241462.0, Drop,79.0,,,,,,,,
317,243115.0, Touch,1148.9557,942.0007300000001,7.804870599999999,7.804870599999999,7.804870599999999,7.804870599999999,7.804870599999999,7.804870599999999,175.0
318,243706.0, Fight,920.0,,,,,,,,
319,243707.0, Fight,930.0,,,,,,,,
320,243934.0, Fight,940.0,,,,,,,,
321,246170.0, Touch,806.9586,354.01245,7.8552246,7.8552246,7.8552246,7.8552246,,,159.0
322,246918.0, Fight,950.0,,,,,,,,
323,247157.0, Fight,960.0,,,,,,,,
324,247990.0, Touch,702.96387,472.9944,7.905578599999999,7.905578599999999,7.905578599999999,7.905578599999999,7.905578599999999,7.905578599999999,200.0
325,248796.0, Fight,970.0,,,,,,,,
326,250105.0, Touch,1260.9448,743.98315,7.9559326,7.9559326,7.9559326,7.9559326,,,143.0
327,250480.0, Drop,80.0,,,,,,,,
328,251549.0, Touch,709.942,511.98485999999997,8.006287,8.006287,8.006287,8.006287,8.006287,8.006287,191.0
329,251665.0, Drop,81.0,,,,,,,,
330,252087.0, Drop,82.0,,,,,,,,
331,252281.0, Drop,83.0,,,,,,,,
332,252457.0, Fight,980.0,,,,,,,,
333,253456.0, Drop,84.0,,,,,,,,
334,253617.0, Touch,1030.9369,636.9983,8.056641,8.056641,8.056641,8.056641,8.056641,8.056641,199.0
335,255573.0, Touch,2003.8806,643.9856,8.106995,8.106995,8.106995,8.106995,8.106995,8.106995,160.0
336,258305.0, Drop,85.0,,,,,,,,
337,260779.0, Touch,1355.9289999999999,171.02417,8.157349,8.157349,8.157349,8.157349,8.157349,8.157349,221.0
338,261665.0, Fight,990.0,,,,,,,,
339,263128.0, Touch,1209.9298,655.98267,8.207703,8.207703,8.207703,8.207703,8.207703,8.207703,171.0
340,263318.0, Drop,86.0,,,,,,,,
341,265388.0, Touch,1081.9519,973.97095,8.258057,8.258057,8.258057,8.258057,,,172.0
342,266199.0, Drop,87.0,,,,,,,,
343,267772.0, Touch,1364.9396,739.00635,8.308411,8.308411,8.308411,8.308411,,,183.0
344,268336.0, Drop,88.0,,,,,,,,
345,269992.0, Touch,1170.9064,54.019775,8.358765,8.358765,8.358765,8.358765,,,151.0
346,270735.0, Fight,1000.0,,,,,,,,
347,271780.0, Touch,1187.9114,801.0022,8.409119,8.409119,8.409119,8.409119,8.409119,8.409119,149.0
348,271969.0, Fight,1010.0,,,,,,,,
349,273136.0, Touch,1365.9558,539.0112,8.459473,8.459473,8.459473,8.459473,8.459473,8.459473,193.0
350,274620.0, Touch,1572.9291,469.00635,8.509827,8.509827,8.509827,8.509827,8.509827,8.509827,209.0
351,275152.0, Fight,1020.0,,,,,,,,
352,275401.0, Fight,1030.0,,,,,,,,
353,276458.0, Touch,1332.8943,545.00977,8.560181,8.560181,8.560181,8.560181,,,180.0
354,276518.0, Drop,89.0,,,,,,,,
355,276730.0, Fight,1040.0,,,,,,,,
356,278058.0, Touch,952.95776,781.4611,8.610535,8.610535,8.610535,8.610535,8.610535,8.610535,207.0
357,278562.0, Drop,90.0,,,,,,,,
358,279518.0, Touch,885.954,699.9829,8.660889,8.660889,8.660889,8.660889,,,218.0
359,279856.0, Fight,1050.0,,,,,,,,
360,280550.0, Fight,1060.0,,,,,,,,
361,281465.0, Touch,1311.9598,683.0090299999999,8.711243,8.711243,8.711243,8.711243,,,216.0
362,281866.0, Drop,91.0,,,,,,,,
363,283437.0, Touch,986.9678,669.09796,8.761597,8.761597,8.761597,8.761597,8.761597,8.761597,241.0
364,283523.0, Drop,92.0,,,,,,,,
365,284739.0, Touch,784.9402,419.99634000000003,8.811950999999999,8.811950999999999,8.811950999999999,8.811950999999999,8.811950999999999,8.811950999999999,187.0
366,285199.0, Drop,93.0,,,,,,,,
367,285836.0, Touch,745.91675,627.0117,8.862305000000001,8.862305000000001,8.862305000000001,8.862305000000001,8.862305000000001,8.862305000000001,250.0
368,286147.0, Fight,1070.0,,,,,,,,
369,287570.0, Touch,814.9191,375.9961,8.912659,8.912659,8.912659,8.912659,8.912659,8.912659,228.0
370,287961.0, Drop,94.0,,,,,,,,
371,289951.0, Touch,1038.9313,721.9995,8.963013,8.963013,8.963013,8.963013,8.963013000000002,8.963013000000002,293.0
372,289994.0, Drop,95.0,,,,,,,,
373,291475.0, Touch,1055.9363,362.02148,9.013367,9.013367,9.013367,9.013367,9.013367,9.013367,215.0
374,291683.0, Drop,96.0,,,,,,,,
375,293287.0, Touch,696.9342,792.99316,9.063721000000001,9.063721000000001,9.063721000000001,9.063721000000001,,,247.0
376,293442.0, Fight,1080.0,,,,,,,,
377,293735.0, Fight,1090.0,,,,,,,,
378,294033.0, Drop,97.0,,,,,,,,
379,294452.0, Drop,98.0,,,,,,,,
380,295815.0, Touch,679.9292,118.02611999999999,9.114075,9.114075,9.114075,9.114075,9.114075,9.114075,192.0
381,296326.0, Fight,1100.0,,,,,,,,
382,297075.0, Drop,99.0,,,,,,,,
383,298699.0, Touch,1169.9579,695.9949,9.164429,9.164429,9.164429,9.164429,9.164429,9.164429,199.0
384,298953.0, Drop,100.0,,,,,,,,
385,299601.0, Touch,1160.094,756.1431,9.214783,9.214783,9.214783,9.214783,9.214783,9.214783,201.0
386,299652.0, Fight,1110.0,,,,,,,,
387,300849.0, Touch,1077.9547,42.022705,9.265137,9.265137,9.265137,9.265137,9.265137,9.265137,218.0
388,302179.0, Touch,980.0876,164.16843,9.315491,9.315491,9.315491,9.315491,9.315491,9.315491,216.0
389,302654.0, Fight,1120.0,,,,,,,,
390,303575.0, Touch,1350.9155,513.0066,9.365845,9.365845,9.365845,9.365845,9.365845,9.365845,192.0
391,303856.0, Drop,101.0,,,,,,,,
392,304945.0, Touch,1293.9386,804.99023,9.416199,9.416199,9.416199,9.416199,,,224.0
393,304971.0, Drop,102.0,,,,,,,,
394,305218.0, Fight,1130.0,,,,,,,,
395,306737.0, Touch,1147.9395,416.99707,9.466553,9.466553,9.466553,9.466553,,,215.0
396,306784.0, Drop,103.0,,,,,,,,
397,308114.0, Touch,1474.8962,507.99683,9.516907000000002,9.516907000000002,9.516907000000002,9.516907000000002,,,177.0
398,308649.0, Fight,1140.0,,,,,,,,
399,309653.0, Touch,1443.9349,546.9873,9.567261,9.567261,9.567261,9.567261,9.567261,9.567261,280.0
400,309689.0, Drop,104.0,,,,,,,,
401,310860.0, Touch,1003.905,689.99634,9.617614999999999,9.617614999999999,9.617614999999999,9.617614999999999,,,195.0
402,311131.0, Drop,105.0,,,,,,,,
403,312664.0, Drop,106.0,,,,,,,,
404,312810.0, Touch,940.9662,560.9949,9.667969,9.667969,9.667969,9.667969,,,175.0
405,314142.0, Touch,1196.922,634.9878,9.718323,9.718323,9.718323,9.718323,9.718323,9.718323,167.0
406,314219.0, Drop,107.0,,,,,,,,
407,316278.0, Touch,155.95825,777.9968,9.768677,9.768677,9.768677,9.768677,,,163.0
408,318664.0, Drop,108.0,,,,,,,,
409,319267.0, Touch,2127.9292,763.98926,9.819030999999999,9.819030999999999,9.819030999999999,9.819030999999999,,,184.0
410,321702.0, Touch,1969.9384,581.001,9.869385000000001,9.869385000000001,9.869385000000001,9.869385000000001,,,142.0
411,323256.0, Fight,1150.0,,,,,,,,
412,324110.0, Touch,1362.9071,305.9912,9.919739,9.919739,9.919739,9.919739,9.919739,9.919739,205.0
413,324656.0, Fight,1160.0,,,,,,,,
414,325254.0, Touch,1077.9547,327.01904,9.970092999999999,9.970092999999999,9.970092999999999,9.970092999999999,9.970092999999999,9.970092999999999,187.0
415,325891.0, Drop,109.0,,,,,,,,
416,327240.0, Touch,989.9487,777.9968,10.020447,10.020447,10.020447,10.020447,10.020447,10.020447,184.0
417,327414.0, Fight,1170.0,,,,,,,,
418,329276.0, Touch,2071.9006,387.99316,10.070801,10.070801,10.070801,10.070801,,,157.0
419,331737.0, Drop,110.0,,,,,,,,
420,332748.0, Touch,612.9254,339.0161,10.121155,10.121155,10.121155,10.121155,,,192.0
421,333697.0, Fight,1180.0,,,,,,,,
422,333936.0, Fight,1190.0,,,,,,,,
423,335658.0, Touch,1394.9524,863.9868,10.171509,10.171509,10.171509,10.171509,,,159.0
424,336425.0, Fight,1200.0,,,,,,,,
425,338010.0, Touch,594.42993,258.5138,10.221863,10.221863,10.221863,10.221863,10.221863,10.221863,220.0
426,339299.0, Drop,111.0,,,,,,,,
427,339992.0, Fight,1210.0,,,,,,,,
428,340590.0, Touch,1081.9519,534.00146,10.272217,10.272217,10.272217,10.272217,10.272217,10.272217,154.0
429,341921.0, Touch,1706.9366,460.9973,10.322571,10.322571,10.322571,10.322571,,,145.0
430,343411.0, Drop,112.0,,,,,,,,
431,345003.0, Touch,1284.928,302.99194,10.372925,10.372925,10.372925,10.372925,10.372925,10.372925,192.0
432,345618.0, Drop,113.0,,,,,,,,
433,346549.0, Touch,692.937,687.98584,10.423278999999999,10.423278999999999,10.423278999999999,10.423278999999999,,,155.0
434,347625.0, Drop,114.0,,,,,,,,
435,348761.0, Touch,843.9496,331.99585,10.473633,10.473633,10.473633,10.473633,,,186.0
436,349328.0, Fight,1220.0,,,,,,,,
437,350265.0, Fight,1230.0,,,,,,,,
438,350373.0, Touch,1109.9323,667.97974,10.523987,10.523987,10.523987,10.523987,10.523987,10.523987,179.0
439,351901.0, Touch,741.9195599999999,505.98633,10.574341,10.574341,10.574341,10.574341,10.574341,10.574341,168.0
440,352580.0, Drop,115.0,,,,,,,,
441,353803.0, Touch,1589.9341,1058.9722,10.624695,10.624695,10.624695,10.624695,10.624695,10.624695,154.0
442,355867.0, Touch,411.9818,702.9822,10.675049000000001,10.675049000000001,10.675049000000001,10.675049000000001,10.675049000000001,10.675049000000001,160.0
443,359056.0, Touch,896.3369,667.97974,10.725403,10.725403,10.725403,10.725403,10.725403,10.725403,199.0
444,359368.0, Drop,116.0,,,,,,,,
445,362196.0, Touch,921.9287,362.02148,10.775757,10.775757,10.775757,10.775757,,,255.0
446,362265.0, Drop,117.0,,,,,,,,
447,363859.0, Touch,484.98138,845.9912,10.826111000000001,10.826111000000001,10.826111000000001,10.826111000000001,10.826111000000001,10.826111000000001,202.0
448,365247.0, Fight,1240.0,,,,,,,,
449,368061.0, Touch,2091.8867,231.99829,10.876465,10.876465,10.876465,10.876465,,,264.0
450,370514.0, Touch,2003.8806,371.0193,10.926819,10.926819,10.926819,10.926819,10.926819,10.926819,240.0
451,371791.0, Touch,1774.8889,425.0061,10.977172999999999,10.977172999999999,10.977172999999999,10.977172999999999,,,96.0
452,372005.0, Drop,118.0,,,,,,,,
453,372257.0, Drop,119.0,,,,,,,,
454,372296.0, Touch,1774.8889,425.0061,11.027527000000001,11.027527000000001,11.027527000000001,11.027527000000001,,,256.0
455,372601.0, Touch,1237.9102,439.01367,11.077881,11.077881,11.077881,11.077881,11.077881000000001,11.077881000000001,120.0
456,374449.0, Touch,1569.9678,677.97015,11.128235,11.128235,11.128235,11.128235,11.128234999999998,11.128234999999998,282.0
457,375307.0, Drop,120.0,,,,,,,,
458,376660.0, Touch,343.9618,230.02075,11.178589,11.178589,11.178589,11.178589,,,191.0
459,378607.0, Drop,121.0,,,,,,,,
460,379650.0, Touch,1036.9666,327.01904,11.228943,11.228943,11.228943,11.228943,,,176.0
461,379779.0, Fight,1250.0,,,,,,,,
462,381582.0, Touch,1559.9213,284.00757000000004,11.279297,11.279297,11.279297,11.279297,,,179.0
463,382500.0, Fight,1260.0,,,,,,,,
464,383794.0, Touch,1125.921,463.99658,11.329651,11.329651,11.329651,11.329651,,,168.0
465,383836.0, Drop,122.0,,,,,,,,
466,385389.0, Touch,1326.9324,261.0022,11.380005,11.380005,11.380005,11.380005,11.380005,11.380005,230.0
467,385678.0, Fight,1270.0,,,,,,,,
468,385952.0, Fight,1280.0,,,,,,,,
469,388341.0, Touch,1944.9389999999999,430.01587,11.430359,11.430359,11.430359,11.430359,,,207.0
470,388361.0, Fight,1290.0,,,,,,,,
471,389098.0, Fight,1300.0,,,,,,,,
472,389510.0, Drop,123.0,,,,,,,,
473,389688.0, Drop,124.0,,,,,,,,
474,390022.0, Drop,125.0,,,,,,,,
475,391275.0, Touch,624.9169999999999,912.9968,11.480713,11.480713,11.480713,11.480713,,,191.0
476,392766.0, Fight,1310.0,,,,,,,,
477,392971.0, Drop,126.0,,,,,,,,
478,394631.0, Touch,1494.95,677.99927,11.531067,11.531067,11.531067,11.531067,11.531067,11.531067,153.0
479,395421.0, Drop,127.0,,,,,,,,
480,396634.0, Fight,1320.0,,,,,,,,
481,396785.0, Touch,1030.9369,674.0112,11.581421,11.581421,11.581421,11.581421,11.581421,11.581421,176.0
482,398059.0, Touch,721.9336,434.99268,11.631775,11.631775,11.631775,11.631775,11.631775,11.631775,176.0
483,398719.0, Fight,1330.0,,,,,,,,
484,399926.0, Touch,209.9881,422.9956,11.682129,11.682129,11.682129,11.682129,11.682129000000002,11.682129000000002,197.0
485,402397.0, Fight,1340.0,,,,,,,,
486,403551.0, Touch,1008.91846,223.00048999999999,11.732483,11.732483,11.732483,11.732483,11.732483,11.732483,184.0
487,404331.0, Fight,1350.0,,,,,,,,
488,405398.0, Touch,963.9331,717.9785,11.782836999999999,11.782836999999999,11.782836999999999,11.782836999999999,11.782836999999999,11.782836999999999,175.0
489,405615.0, Drop,128.0,,,,,,,,
490,405615.0, Fight,1360.0,,,,,,,,
491,407676.0, Drop,129.0,,,,,,,,
492,407676.0, Fight,1370.0,,,,,,,,
493,407772.0, Touch,935.95276,398.0127,11.833191000000001,11.833191000000001,11.833191000000001,11.833191000000001,11.833191000000001,11.833191000000001,183.0
494,407948.0, Fight,1380.0,,,,,,,,
495,408217.0, Drop,130.0,,,,,,,,
496,408218.0, Fight,1390.0,,,,,,,,
497,409536.0, Touch,1170.9064,422.9956,11.883545,11.883545,11.883545,11.883545,11.883545,11.883545,183.0
498,409582.0, Drop,131.0,,,,,,,,
499,409582.0, Fight,1400.0,,,,,,,,
500,409835.0, Fight,1410.0,,,,,,,,
501,410922.0, Touch,923.48694,498.01025,11.933899,11.933899,11.933899,11.933899,11.933899,11.933899,191.0
502,411034.0, Drop,132.0,,,,,,,,
503,412918.0, Touch,592.93945,531.9909700000001,11.984253,11.984253,11.984253,11.984253,,,168.0
504,412979.0, Fight,1420.0,,,,,,,,
505,414159.0, Drop,133.0,,,,,,,,
506,415710.0, Touch,1440.954,950.99854,12.034607000000001,12.034607000000001,12.034607000000001,12.034607000000001,,,189.0
507,416032.0, Fight,1430.0,,,,,,,,
508,416696.0, Drop,134.0,,,,,,,,
509,416933.0, Drop,135.0,,,,,,,,
510,418766.0, Drop,136.0,,,,,,,,
511,418812.0, Touch,1659.9188,625.0012,12.084961,12.084961,12.084961,12.084961,,,304.0
512,419554.0, Drop,137.0,,,,,,,,
513,420022.0, Drop,138.0,,,,,,,,
514,421369.0, Touch,923.9612,639.0088,12.135315,12.135315,12.135315,12.135315,12.135315,12.135315,190.0
515,421487.0, Drop,139.0,,,,,,,,
516,423374.0, Touch,1784.9158,754.0027,12.185669,12.185669,12.185669,12.185669,,,200.0
517,423449.0, Drop,140.0,,,,,,,,
518,424834.0, Drop,141.0,,,,,,,,
519,425032.0, Fight,1440.0,,,,,,,,
520,428311.0, Touch,2195.8813,245.01709,12.236023,12.236023,12.236023,12.236023,12.236023,12.236023,231.0
521,431105.0, Drop,142.0,,,,,,,,
522,432471.0, Touch,779.92676,846.98,12.286377,12.286377,12.286377,12.286377,,,205.0
523,432884.0, Drop,143.0,,,,,,,,
524,433273.0, Drop,144.0,,,,,,,,
525,434517.0, Touch,735.9576400000001,674.0112,12.336731,12.336731,12.336731,12.336731,12.336731,12.336731,223.0
526,434846.0, Drop,145.0,,,,,,,,
527,435615.0, Drop,146.0,,,,,,,,
528,436880.0, Touch,1077.9547,780.9961,12.387085,12.387085,12.387085,12.387085,12.387085,12.387085,190.0
529,437158.0, Drop,147.0,,,,,,,,
530,438545.0, Touch,935.95276,366.00952,12.437439,12.437439,12.437439,12.437439,,,239.0
531,438607.0, Drop,148.0,,,,,,,,
532,439845.0, Drop,149.0,,,,,,,,
533,440045.0, Touch,1277.9498,319.99877999999995,12.487793,12.487793,12.487793,12.487793,,,208.0
534,440340.0, Drop,150.0,,,,,,,,
535,442331.0, Touch,1618.9307,1070.9692,12.538147,12.538147,12.538147,12.538147,,,223.0
536,443500.0, Drop,151.0,,,,,,,,
537,444304.0, Drop,152.0,,,,,,,,
538,445425.0, Touch,1118.9429,751.0034,12.588500999999999,12.588500999999999,12.588500999999999,12.588500999999999,12.588500999999997,12.588500999999997,207.0
539,445534.0, Drop,153.0,,,,,,,,
540,447061.0, Touch,248.97766000000001,383.3334,12.638855,12.638855,12.638855,12.638855,12.638855,12.638855,231.0
541,449266.0, Drop,154.0,,,,,,,,
542,450460.0, Touch,831.22406,574.0137,12.689209,12.689209,12.689209,12.689209,12.689209000000002,12.689209000000002,231.0
543,450561.0, Drop,155.0,,,,,,,,
544,450561.0, Fight,1450.0,,,,,,,,
545,452152.0, Touch,1355.9289999999999,398.0127,12.739563,12.739563,12.739563,12.739563,,,185.0
546,452754.0, Fight,1460.0,,,,,,,,
547,453844.0, Touch,66.936035,774.0088,12.789916999999999,12.789916999999999,12.789916999999999,12.789916999999999,12.789916999999999,12.789916999999999,201.0
548,454872.0, Fight,1470.0,,,,,,,,
549,456284.0, Fight,1480.0,,,,,,,,
550,456559.0, Fight,1490.0,,,,,,,,
551,456559.0, Fight,1500.0,,,,,,,,
552,458020.0, Touch,718.9526400000001,574.0137,12.840271000000001,12.840271000000001,12.840271000000001,12.840271000000001,,,168.0
553,458595.0, Fight,1510.0,,,,,,,,
554,459401.0, Touch,1026.9397,318.02124,12.890625,12.890625,12.890625,12.890625,12.890625,12.890625,216.0
555,459523.0, Fight,1520.0,,,,,,,,
556,460906.0, Touch,1218.9404,278.9978,12.940978999999999,12.940978999999999,12.940978999999999,12.940978999999999,12.940978999999999,12.940978999999999,205.0
557,461287.0, Fight,1530.0,,,,,,,,
558,462343.0, Touch,1290.9531,388.92035,12.991333000000001,12.991333000000001,12.991333000000001,12.991333000000001,12.991333,12.991333,217.0
559,462435.0, Fight,1540.0,,,,,,,,
560,463706.0, Touch,1272.9364,587.9883,13.041687,13.041687,13.041687,13.041687,,,192.0
561,463890.0, Drop,156.0,,,,,,,,
562,465020.0, Touch,1355.9289999999999,366.9983,13.092041,13.092041,13.092041,13.092041,13.092041,13.092041,239.0
563,465534.0, Drop,157.0,,,,,,,,
564,466624.0, Touch,1343.9374,790.98267,13.142395,13.142395,13.142395,13.142395,13.142394999999997,13.142394999999997,248.0
565,467321.0, Drop,158.0,,,,,,,,
566,468588.0, Touch,1506.9415,460.9973,13.192749,13.192749,13.192749,13.192749,13.192748999999996,13.192748999999996,272.0
567,469507.0, Drop,159.0,,,,,,,,
568,470398.0, Touch,820.9149,120.00366000000001,13.243103,13.243103,13.243103,13.243103,13.243103,13.243103,233.0
569,470879.0, Fight,1550.0,,,,,,,,
570,471485.0, Drop,160.0,,,,,,,,
571,471712.0, Touch,923.9289,415.19003,13.293457,13.293457,13.293457,13.293457,13.293457000000002,13.293457000000002,240.0
572,473444.0, Drop,161.0,,,,,,,,
573,473569.0, Touch,972.9437,515.0171,13.343810999999999,13.343810999999999,13.343810999999999,13.343810999999999,,,173.0
574,475047.0, Touch,818.9502,923.9721699999999,13.394165,13.394165,13.394165,13.394165,,,191.0
575,475900.0, Drop,162.0,,,,,,,,
576,477057.0, Touch,779.92676,504.99755999999996,13.444519,13.444519,13.444519,13.444519,,,205.0
577,477383.0, Fight,1560.0,,,,,,,,
578,478480.0, Touch,1038.9313,340.00487999999996,13.494873000000002,13.494873000000002,13.494873000000002,13.494873000000002,13.494873,13.494873,274.0
579,478641.0, Fight,1570.0,,,,,,,,
580,479937.0, Touch,1808.8989,563.99414,13.545226999999999,13.545226999999999,13.545226999999999,13.545226999999999,,,191.0
581,481190.0, Fight,1580.0,,,,,,,,
582,481190.0, Fight,1590.0,,,,,,,,
583,481719.0, Fight,1600.0,,,,,,,,
584,482721.0, Touch,572.9535,322.99805,13.595581,13.595581,13.595581,13.595581,13.595580999999997,13.595580999999997,256.0
585,483819.0, Fight,1610.0,,,,,,,,
586,484060.0, Touch,706.96106,331.99585,13.645935,13.645935,13.645935,13.645935,13.645935000000001,13.645935000000001,392.0
587,484250.0, Drop,163.0,,,,,,,,
588,484438.0, Fight,1620.0,,,,,,,,
589,485431.0, Touch,1388.8889,428.02185,13.696289000000002,13.696289000000002,13.696289000000002,13.696289000000002,13.696289000000004,13.696289000000004,207.0
590,486931.0, Touch,1001.9403,634.9878,13.746642999999999,13.746642999999999,13.746642999999999,13.746642999999999,,,241.0
591,487064.0, Drop,164.0,,,,,,,,
592,488037.0, Touch,1901.9183,401.01196,13.796997,13.796997,13.796997,13.796997,13.796997,13.796997,192.0
593,489295.0, Touch,1545.3052,572.99194,13.847351000000002,13.847351000000002,13.847351000000002,13.847351000000002,13.847351000000002,13.847351000000002,359.0
594,489792.0, Drop,165.0,,,,,,,,
595,489792.0, Fight,1630.0,,,,,,,,
596,490555.0, Touch,1567.9156,860.98755,13.897704999999998,13.897704999999998,13.897704999999998,13.897704999999998,13.897704999999998,13.897704999999998,274.0
597,491827.0, Drop,166.0,,,,,,,,
598,491828.0, Drop,167.0,,,,,,,,
599,492375.0, Touch,1481.9421,318.02124,13.948058999999999,13.948058999999999,13.948058999999999,13.948058999999999,,,246.0
600,493182.0, Fight,1640.0,,,,,,,,
601,493617.0, Drop,168.0,,,,,,,,
602,494137.0, Touch,420.99242999999996,558.9844,13.998413000000001,13.998413000000001,13.998413000000001,13.998413000000001,13.998413000000001,13.998413000000001,245.0
603,495129.0, Drop,169.0,,,,,,,,
604,495365.0, Touch,589.9585,625.0012,14.048767000000002,14.048767000000002,14.048767000000002,14.048767000000002,14.048767000000002,14.048767000000002,232.0
605,496171.0, Drop,170.0,,,,,,,,
606,497803.0, Touch,863.93555,428.00537,14.099120999999998,14.099120999999998,14.099120999999998,14.099120999999998,14.099120999999998,14.099120999999998,208.0
607,498410.0, Drop,171.0,,,,,,,,
608,499423.0, Touch,799.9127,927.0044,14.149475,14.149475,14.149475,14.149475,14.149475,14.149475,249.0
609,500202.0, Drop,172.0,,,,,,,,
610,501652.0, Touch,1650.9082,539.0112,14.199829000000001,14.199829000000001,14.199829000000001,14.199829000000001,14.199829000000001,14.199829000000001,241.0
611,502736.0, Fight,1650.0,,,,,,,,
612,503756.0, Touch,882.9730000000001,860.9710699999999,14.250182999999998,14.250182999999998,14.250182999999998,14.250182999999998,14.250182999999998,14.250182999999998,201.0
613,505743.0, Fight,1660.0,,,,,,,,
614,505904.0, Touch,992.9297,69.01611,14.300537,14.300537,14.300537,14.300537,14.300537000000002,14.300537000000002,190.0
615,506606.0, Drop,173.0,,,,,,,,
616,508132.0, Touch,1852.9358,1056.9946,14.350891,14.350891,14.350891,14.350891,14.350891,14.350891,149.0
617,509648.0, Touch,1722.9254,907.9870599999999,14.401245000000001,14.401245000000001,14.401245000000001,14.401245000000001,,,199.0
618,511054.0, Drop,174.0,,,,,,,,
619,511284.0, Touch,1815.8771,778.9856,14.451599,14.451599,14.451599,14.451599,14.451599,14.451599,238.0
620,511853.0, Fight,1670.0,,,,,,,,
621,512222.0, Fight,1680.0,,,,,,,,
622,513427.0, Touch,1401.9305,184.01001000000002,14.501953,14.501953,14.501953,14.501953,14.501953000000006,14.501953000000006,243.0
623,513772.0, Drop,175.0,,,,,,,,
624,514217.0, Drop,176.0,,,,,,,,
625,515502.0, Touch,1683.902,933.9917,14.552307,14.552307,14.552307,14.552307,14.552307,14.552307,263.0
626,517150.0, Drop,177.0,,,,,,,,
627,517601.0, Fight,1690.0,,,,,,,,
628,517996.0, Touch,721.9336,754.0027,14.602661,14.602661,14.602661,14.602661,14.602661,14.602661,216.0
629,518530.0, Drop,178.0,,,,,,,,
630,519023.0, Fight,1700.0,,,,,,,,
631,520290.0, Touch,612.9254,795.99243,14.653015,14.653015,14.653015,14.653015,14.653015,14.653015,280.0
632,521472.0, Drop,179.0,,,,,,,,
633,522000.0, Fight,1710.0,,,,,,,,
634,523294.0, Touch,811.97205,534.99023,14.703369,14.703369,14.703369,14.703369,,,190.0
635,523867.0, Drop,180.0,,,,,,,,
636,524690.0, Touch,597.9529,633.999,14.753723,14.753723,14.753723,14.753723,,,206.0
637,524938.0, Fight,1720.0,,,,,,,,
638,525750.0, Fight,1730.0,,,,,,,,
639,527007.0, Touch,706.96106,326.0138,14.804077,14.804077,14.804077,14.804077,14.804077000000001,14.804077000000001,231.0
640,527432.0, Drop,181.0,,,,,,,,
641,527699.0, Fight,1740.0,,,,,,,,
642,528931.0, Fight,1750.0,,,,,,,,
643,529068.0, Touch,940.9662,261.0022,14.854431,14.854431,14.854431,14.854431,14.854431,14.854431,224.0
644,529423.0, Drop,182.0,,,,,,,,
645,529423.0, Fight,1760.0,,,,,,,,
646,530743.0, Touch,1230.932,405.98877000000005,14.904785,14.904785,14.904785,14.904785,14.904785,14.904785,239.0
647,530766.0, Drop,183.0,,,,,,,,
648,531899.0, Touch,947.94434,360.99976000000004,14.955139,14.955139,14.955139,14.955139,14.955139,14.955139,249.0
649,532050.0, Drop,184.0,,,,,,,,
650,533381.0, Touch,1718.9282,227.02147999999997,15.005493,15.005493,15.005493,15.005493,,,206.0
651,535460.0, Drop,185.0,,,,,,,,
652,535848.0, Touch,653.9136,342.02047999999996,15.055847,15.055847,15.055847,15.055847,15.055847,15.055847,264.0
653,537209.0, Drop,186.0,,,,,,,,
654,538277.0, Touch,1996.4667,895.99,15.106201,15.106201,15.106201,15.106201,15.106201,15.106201,225.0
655,539199.0, Touch,1995.8339,948.9880400000001,15.156554999999999,15.156554999999999,15.156554999999999,15.156554999999999,15.156555,15.156555,234.0
656,541566.0, Fight,1770.0,,,,,,,,
657,543065.0, Touch,563.9429,711.98,15.206909,15.206909,15.206909,15.206909,15.206909,15.206909,202.0
658,543340.0, Fight,1780.0,,,,,,,,
659,544248.0, Fight,1790.0,,,,,,,,
660,545107.0, Touch,1181.9495,663.9917,15.257263,15.257263,15.257263,15.257263,15.257263,15.257263,263.0
661,546791.0, Touch,1086.9653,305.00244,15.307617,15.307617,15.307617,15.307617,15.307616999999997,15.307616999999997,264.0
662,546907.0, Drop,187.0,,,,,,,,
663,548396.0, Touch,1006.95374,1036.9885,15.357971,15.357971,15.357971,15.357971,15.357971,15.357971,209.0
664,549418.0, Fight,1800.0,,,,,,,,
665,551033.0, Touch,1459.9237,924.9939,15.408325,15.408325,15.408325,15.408325,,,184.0
666,551299.0, Drop,188.0,,,,,,,,
667,552116.0, Drop,189.0,,,,,,,,
668,553015.0, Touch,1588.9178,416.99707,15.458679,15.458679,15.458679,15.458679,15.458679,15.458679,218.0
669,554264.0, Touch,1070.9088,534.99023,15.509032999999999,15.509032999999999,15.509032999999999,15.509032999999999,15.509033,15.509033,279.0
670,555461.0, Touch,1347.3373,425.81766,15.559387,15.559387,15.559387,15.559387,15.559386999999996,15.559386999999996,282.0
671,555670.0, Fight,1810.0,,,,,,,,
672,557038.0, Touch,1611.8848,275.99854,15.609741,15.609741,15.609741,15.609741,15.609741,15.609741,184.0
673,558213.0, Drop,190.0,,,,,,,,
674,559380.0, Touch,1569.9481,994.9988,15.660095000000002,15.660095000000002,15.660095000000002,15.660095000000002,,,183.0
675,560371.0, Fight,1820.0,,,,,,,,
676,560805.0, Drop,191.0,,,,,,,,
677,561786.0, Touch,1298.9073,346.9922,15.710448999999999,15.710448999999999,15.710448999999999,15.710448999999999,15.710448999999999,15.710448999999999,199.0
678,561970.0, Fight,1830.0,,,,,,,,
679,562159.0, Fight,1840.0,,,,,,,,
680,563318.0, Touch,850.9277300000001,405.0,15.760803,15.760803,15.760803,15.760803,15.760803,15.760803,208.0
681,563798.0, Fight,1850.0,,,,,,,,
682,564002.0, Fight,1860.0,,,,,,,,
683,565378.0, Touch,1547.9297,261.0022,15.811157000000001,15.811157000000001,15.811157000000001,15.811157000000001,,,199.0
684,565838.0, Drop,192.0,,,,,,,,
685,566241.0, Fight,1870.0,,,,,,,,
686,567939.0, Touch,467.9425,601.0071,15.861510999999998,15.861510999999998,15.861510999999998,15.861510999999998,15.861510999999998,15.861510999999998,219.0
687,569013.0, Drop,193.0,,,,,,,,
688,569704.0, Fight,1880.0,,,,,,,,
689,570959.0, Fight,1890.0,,,,,,,,
690,571026.0, Touch,1592.5856,196.00708,15.911864999999999,15.911864999999999,15.911864999999999,15.911864999999999,15.911864999999999,15.911864999999999,240.0
691,571667.0, Drop,194.0,,,,,,,,
692,571884.0, Fight,1900.0,,,,,,,,
693,572475.0, Fight,1910.0,,,,,,,,
694,573521.0, Touch,682.9779,636.9983,15.962219000000001,15.962219000000001,15.962219000000001,15.962219000000001,15.962219000000003,15.962219000000003,225.0
695,574297.0, Drop,195.0,,,,,,,,
696,575019.0, Touch,1309.9274,198.01758,16.012573,16.012573,16.012573,16.012573,,,198.0
697,575556.0, Drop,196.0,,,,,,,,
698,575959.0, Drop,197.0,,,,,,,,
699,576922.0, Touch,1262.9095,220.00122000000002,16.062927,16.062927,16.062927,16.062927,16.062927,16.062927,194.0
700,576956.0, Drop,198.0,,,,,,,,
701,577151.0, Drop,199.0,,,,,,,,
702,577329.0, Drop,200.0,,,,,,,,
703,578302.0, Drop,201.0,,,,,,,,
704,578323.0, Touch,1140.9613,683.9978,16.113281,16.113281,16.113281,16.113281,16.113281,16.113281,208.0
705,579645.0, Touch,465.97778,716.98975,16.163635,16.163635,16.163635,16.163635,16.163635,16.163635,183.0
706,581107.0, Fight,1920.0,,,,,,,,
707,581947.0, Touch,952.95776,189.01978,16.21399,16.21399,16.21399,16.21399,16.21399,16.21399,239.0
708,582389.0, Fight,1930.0,,,,,,,,
709,582908.0, Drop,202.0,,,,,,,,
710,584231.0, Touch,1287.9089,666.0022,16.264343,16.264343,16.264343,16.264343,16.264343,16.264343,240.0
711,584332.0, Drop,203.0,,,,,,,,
712,585539.0, Touch,624.9169999999999,539.0112,16.314697,16.314697,16.314697,16.314697,,,229.0
713,586558.0, Drop,204.0,,,,,,,,
714,587577.0, Touch,1144.3652,914.9743699999999,16.365051,16.365051,16.365051,16.365051,16.365051,16.365051,202.0
715,588458.0, Drop,205.0,,,,,,,,
716,589565.0, Touch,838.93616,318.02124,16.415405,16.415405,16.415405,16.415405,16.415405,16.415405,175.0
717,589970.0, Fight,1940.0,,,,,,,,
718,591208.0, Touch,841.9171,504.99755999999996,16.46576,16.46576,16.46576,16.46576,,,175.0
719,591350.0, Fight,1950.0,,,,,,,,
720,591350.0, Fight,1960.0,,,,,,,,
721,592827.0, Touch,1306.3706,495.01099999999997,16.516113,16.516113,16.516113,16.516113,16.516112999999997,16.516112999999997,200.0
722,592931.0, Drop,206.0,,,,,,,,
723,594032.0, Touch,947.94434,413.00903,16.566467000000003,16.566467000000003,16.566467000000003,16.566467000000003,16.566466999999996,16.566466999999996,232.0
724,594550.0, Fight,1970.0,,,,,,,,
725,595474.0, Touch,1418.9355,1021.9922,16.616820999999998,16.616820999999998,16.616820999999998,16.616820999999998,,,150.0
726,596469.0, Fight,1980.0,,,,,,,,
727,597190.0, Touch,5.961914,548.9978,16.667175,16.667175,16.667175,16.667175,,,231.0
728,598345.0, Touch,351.95617999999996,427.0166,16.71753,16.71753,16.71753,16.71753,16.71753,16.71753,216.0
729,599496.0, Drop,207.0,,,,,,,,
730,599572.0, Touch,911.9696,643.9856,16.767882999999998,16.767882999999998,16.767882999999998,16.767882999999998,,,225.0
731,600986.0, Touch,1055.9363,290.99487,16.818237,16.818237,16.818237,16.818237,16.818237000000003,16.818237000000003,262.0
732,602100.0, Touch,1162.912,618.0139,16.868591000000002,16.868591000000002,16.868591000000002,16.868591000000002,16.868590999999995,16.868590999999995,431.0
733,602154.0, Fight,1990.0,,,,,,,,
734,604018.0, Touch,2195.8813,81.01318,16.918945,16.918945,16.918945,16.918945,,,120.0
