,Time,Event,X-coord,Y-coord,down-contact-minor,down-contact-major,up-contact-minor,up-contact-major,average-move-contact-minor,average-move-contact-major,move-time
0,38.0, Touch,1151.9366,280.01953,,,0.30212402,0.30212402,0.30212402,0.30212402,
1,3267.0, Touch,1473.9478,216.01317999999998,0.35247803,0.35247803,0.35247803,0.35247803,,,177.0
2,5322.0, Drop,1.0,,,,,,,,
3,7727.0, Touch,1184.9304,619.99146,0.40283203,0.40283203,0.40283203,0.40283203,0.40283203,0.40283203,275.0
4,8272.0, Drop,2.0,,,,,,,,
5,11995.0, Touch,2194.9329,625.0012,0.45318604,0.45318604,0.45318604,0.45318604,,,64.0
6,14628.0, Drop,3.0,,,,,,,,
7,17040.0, Touch,1739.9304,727.0093,0.50354004,0.50354004,0.50354004,0.50354004,,,206.0
8,18511.0, Drop,4.0,,,,,,,,
9,18828.0, Fight,10.0,,,,,,,,
10,21187.0, Touch,275.94177,1006.99585,0.55389404,0.55389404,0.55389404,0.55389404,0.55389404,0.55389404,405.0
11,23938.0, Drop,5.0,,,,,,,,
12,31453.0, Touch,885.954,169.01367,0.60424805,0.60424805,0.60424805,0.60424805,,,136.0
13,31895.0, Drop,6.0,,,,,,,,
14,32594.0, Fight,20.0,,,,,,,,
15,34301.0, Touch,1137.9126,760.99,0.65460205,0.65460205,0.65460205,0.65460205,0.65460205,0.65460205,204.0
16,34753.0, Fight,30.0,,,,,,,,
17,37415.0, Touch,832.97424,610.99365,0.70495605,0.70495605,0.70495605,0.70495605,0.70495605,0.70495605,148.0
18,37892.0, Fight,40.0,,,,,,,,
19,37894.0, Fight,50.0,,,,,,,,
20,44253.0, Touch,1935.9283,820.9753400000001,0.75531006,0.75531006,0.75531006,0.75531006,,,190.0
21,45444.0, Fight,60.0,,,,,,,,
22,46103.0, Fight,70.0,,,,,,,,
23,49146.0, Touch,1295.9033,428.00537,0.80566406,0.80566406,0.80566406,0.80566406,0.80566406,0.80566406,289.0
24,49228.0, Drop,7.0,,,,,,,,
25,52309.0, Touch,1702.9395,415.01953,0.85601807,0.85601807,0.85601807,0.85601807,0.85601807,0.85601807,313.0
26,53615.0, Fight,80.0,,,,,,,,
27,56191.0, Touch,518.9575,901.9885,0.9063720999999999,0.9063720999999999,0.9063720999999999,0.9063720999999999,,,223.0
28,57661.0, Drop,8.0,,,,,,,,
29,60008.0, Touch,1174.9036,774.9975599999999,0.9567261,0.9567261,0.9567261,0.9567261,,,211.0
30,60505.0, Fight,90.0,,,,,,,,
31,62333.0, Touch,1471.9153,551.0083,1.0070801,1.0070801,1.0070801,1.0070801,1.0070801,1.0070801,106.0
32,63171.0, Drop,9.0,,,,,,,,
33,64644.0, Touch,582.98035,622.9907,1.0574341,1.0574341,1.0574341,1.0574341,,,155.0
34,65694.0, Drop,10.0,,,,,,,,
35,68241.0, Touch,1309.9274,354.01245,1.1077881,1.1077881,1.1077881,1.1077881,1.1077881,1.1077881,150.0
36,68792.0, Drop,11.0,,,,,,,,
37,70534.0, Touch,976.1513,345.01465,1.1581421,1.1581421,1.1581421,1.1581421,1.1581421,1.1581421,131.0
38,71255.0, Drop,12.0,,,,,,,,
39,73683.0, Touch,791.91833,881.9824,1.2084961,1.2084961,1.2084961,1.2084961,,,177.0
40,74492.0, Drop,13.0,,,,,,,,
41,74887.0, Fight,100.0,,,,,,,,
42,74891.0, Fight,110.0,,,,,,,,
43,75291.0, Drop,14.0,,,,,,,,
44,77584.0, Touch,1244.9560000000001,587.9883,1.2588501,1.2588501,1.2588501,1.2588501,1.2588501,1.2588501,273.0
45,77673.0, Fight,120.0,,,,,,,,
46,80184.0, Touch,939.94995,162.02637,1.3092041,1.3092041,1.3092041,1.3092041,1.3092041,1.3092041,230.0
47,80795.0, Fight,130.0,,,,,,,,
48,83297.0, Touch,1019.96155,867.97485,1.3595581,1.3595581,1.3595581,1.3595581,1.3595581,1.3595581,254.0
49,83414.0, Fight,140.0,,,,,,,,
50,86198.0, Touch,860.9546,458.98682,1.4099121000000001,1.4099121000000001,1.4099121000000001,1.4099121000000001,1.4099121000000001,1.4099121000000001,167.0
51,86537.0, Drop,15.0,,,,,,,,
52,86963.0, Fight,150.0,,,,,,,,
53,89167.0, Touch,694.9695,601.99585,1.4602661,1.4602661,1.4602661,1.4602661,1.4602661,1.4602661,173.0
54,89951.0, Fight,160.0,,,,,,,,
55,91955.0, Touch,807.97485,434.99268,1.5106201000000001,1.5106201000000001,1.5106201000000001,1.5106201000000001,,,130.0
56,92354.0, Drop,16.0,,,,,,,,
57,92360.0, Fight,170.0,,,,,,,,
58,92657.0, Fight,180.0,,,,,,,,
59,94493.0, Touch,959.9359,687.98584,1.5609741000000001,1.5609741000000001,1.5609741000000001,1.5609741000000001,,,186.0
60,94854.0, Fight,190.0,,,,,,,,
61,97991.0, Touch,1861.8787,236.01928999999998,1.6113281000000002,1.6113281000000002,1.6113281000000002,1.6113281000000002,1.6113281000000002,1.6113281000000002,141.0
62,99642.0, Drop,17.0,,,,,,,,
63,102081.0, Touch,180.95764,383.98865,1.6616821,1.6616821,1.6616821,1.6616821,1.6616821,1.6616821,176.0
64,104790.0, Fight,200.0,,,,,,,,
65,106664.0, Touch,1211.9623,318.02124,1.7120361000000002,1.7120361000000002,1.7120361000000002,1.7120361000000002,,,111.0
66,106905.0, Drop,18.0,,,,,,,,
67,107703.0, Drop,19.0,,,,,,,,
68,109771.0, Touch,1013.9319,415.01953,1.7623901000000002,1.7623901000000002,1.7623901000000002,1.7623901000000002,1.7623901000000002,1.7623901000000002,205.0
69,110066.0, Drop,20.0,,,,,,,,
70,111845.0, Touch,1079.9194,392.01416,1.8127441000000002,1.8127441000000002,1.8127441000000002,1.8127441000000002,,,103.0
71,112093.0, Fight,210.0,,,,,,,,
72,113656.0, Touch,1507.89,390.99242999999996,1.8630981,1.8630981,1.8630981,1.8630981,,,152.0
73,114437.0, Fight,220.0,,,,,,,,
74,114893.0, Fight,230.0,,,,,,,,
75,116776.0, Touch,1366.9043,324.01977999999997,1.9134521,1.9134521,1.9134521,1.9134521,1.9134521,1.9134521,141.0
76,117506.0, Fight,240.0,,,,,,,,
77,119025.0, Touch,1205.9326,701.00464,1.9638061999999998,1.9638061999999998,1.9638061999999998,1.9638061999999998,,,131.0
78,120793.0, Touch,980.9381,539.0112,2.0141602,2.0141602,2.0141602,2.0141602,,,191.0
79,121014.0, Drop,21.0,,,,,,,,
80,122684.0, Touch,1769.9432,499.9878,2.0645142,2.0645142,2.0645142,2.0645142,2.0645142,2.0645142,281.0
81,123932.0, Drop,22.0,,,,,,,,
82,124368.0, Fight,250.0,,,,,,,,
83,125976.0, Touch,1286.9604,731.9861,2.1148682,2.1148682,2.1148682,2.1148682,2.1148682,2.1148682,140.0
84,126633.0, Fight,260.0,,,,,,,,
85,128075.0, Touch,1371.9177,318.02124,2.1652222,2.1652222,2.1652222,2.1652222,,,161.0
86,128715.0, Drop,23.0,,,,,,,,
87,130453.0, Touch,1235.9454,768.9989999999999,2.2155762,2.2155762,2.2155762,2.2155762,2.2155762,2.2155762,160.0
88,132957.0, Touch,687.9236,525.00366,2.2659302,2.2659302,2.2659302,2.2659302,,,174.0
89,133022.0, Drop,24.0,,,,,,,,
90,133904.0, Drop,25.0,,,,,,,,
91,135705.0, Touch,1470.899,833.0054,2.3162842,2.3162842,2.3162842,2.3162842,2.3162842,2.3162842,154.0
92,136777.0, Drop,26.0,,,,,,,,
93,138303.0, Touch,1302.9492,610.99365,2.3666382,2.3666382,2.3666382,2.3666382,2.3666382,2.3666382,192.0
94,138965.0, Drop,27.0,,,,,,,,
95,140560.0, Touch,1135.9479,713.0017,2.4169922,2.4169922,2.4169922,2.4169922,,,137.0
96,140973.0, Drop,28.0,,,,,,,,
97,142280.0, Touch,881.9568,619.99146,2.4673462,2.4673462,2.4673462,2.4673462,2.4673462,2.4673462,227.0
98,142738.0, Fight,270.0,,,,,,,,
99,146542.0, Touch,1066.9116,248.01636000000002,2.5177002,2.5177002,2.5177002,2.5177002,,,158.0
100,147012.0, Fight,280.0,,,,,,,,
101,147041.0, Fight,290.0,,,,,,,,
102,149652.0, Touch,774.9133,478.99292,2.5680542,2.5680542,2.5680542,2.5680542,2.5680542,2.5680542,195.0
103,150227.0, Drop,29.0,,,,,,,,
104,150230.0, Drop,30.0,,,,,,,,
105,153533.0, Touch,1056.9525,751.9922,2.6184082,2.6184082,2.6184082,2.6184082,,,147.0
106,153881.0, Drop,31.0,,,,,,,,
107,153896.0, Fight,300.0,,,,,,,,
108,154297.0, Fight,310.0,,,,,,,,
109,156983.0, Touch,1619.9469,652.9834,2.6687622,2.6687622,2.6687622,2.6687622,2.6687622,2.6687622,147.0
110,158022.0, Fight,320.0,,,,,,,,
111,160851.0, Touch,1470.899,904.9878,2.7191162,2.7191162,2.7191162,2.7191162,,,157.0
112,161063.0, Drop,32.0,,,,,,,,
113,161747.0, Drop,33.0,,,,,,,,
114,161753.0, Fight,330.0,,,,,,,,
115,164175.0, Touch,1581.9397,421.01807,2.7694702,2.7694702,2.7694702,2.7694702,2.7694702,2.7694702,152.0
116,165307.0, Drop,34.0,,,,,,,,
117,168565.0, Touch,830.9418,902.9773,2.8198242000000002,2.8198242000000002,2.8198242000000002,2.8198242000000002,2.8198242000000002,2.8198242000000002,154.0
118,169294.0, Drop,35.0,,,,,,,,
119,169303.0, Drop,36.0,,,,,,,,
120,171553.0, Touch,1126.9373,447.995,2.8701782000000002,2.8701782000000002,2.8701782000000002,2.8701782000000002,2.8701782000000002,2.8701782000000002,156.0
121,171871.0, Drop,37.0,,,,,,,,
122,175614.0, Touch,740.97107,575.9912,2.9205322,2.9205322,2.9205322,2.9205322,2.9205322,2.9205322,129.0
123,176741.0, Fight,340.0,,,,,,,,
124,178567.0, Touch,712.923,472.0056,2.9708862000000003,2.9708862000000003,2.9708862000000003,2.9708862000000003,2.9708862000000003,2.9708862000000003,234.0
125,179598.0, Fight,350.0,,,,,,,,
126,181807.0, Touch,400.93872000000005,811.9775400000001,3.0212402000000003,3.0212402000000003,3.0212402000000003,3.0212402000000003,3.0212402000000003,3.0212402000000003,143.0
127,183201.0, Fight,360.0,,,,,,,,
128,185757.0, Touch,698.9667,389.0149,3.0715942000000003,3.0715942000000003,3.0715942000000003,3.0715942000000003,3.0715942000000003,3.0715942000000003,180.0
129,185852.0, Drop,38.0,,,,,,,,
130,186486.0, Drop,39.0,,,,,,,,
131,188645.0, Touch,1032.9016,677.99927,3.1219482000000003,3.1219482000000003,3.1219482000000003,3.1219482000000003,3.1219482000000003,3.1219482000000003,120.0
132,188955.0, Fight,370.0,,,,,,,,
133,191533.0, Touch,1181.9495,36.02417,3.1723022000000003,3.1723022000000003,3.1723022000000003,3.1723022000000003,,,142.0
134,192512.0, Drop,40.0,,,,,,,,
135,194823.0, Touch,855.94116,522.99316,3.2226562000000003,3.2226562000000003,3.2226562000000003,3.2226562000000003,3.2226562000000003,3.2226562000000003,141.0
136,194895.0, Drop,41.0,,,,,,,,
137,195222.0, Drop,42.0,,,,,,,,
138,196767.0, Touch,1711.8823,701.00464,3.2730102999999997,3.2730102999999997,3.2730102999999997,3.2730102999999997,,,142.0
139,198428.0, Drop,43.0,,,,,,,,
140,200238.0, Touch,1412.3977,384.00513,3.3233642999999997,3.3233642999999997,3.3233642999999997,3.3233642999999997,3.3233642999999997,3.3233642999999997,175.0
141,201095.0, Fight,380.0,,,,,,,,
142,201431.0, Fight,390.0,,,,,,,,
143,201434.0, Fight,400.0,,,,,,,,
144,204714.0, Touch,649.9164,679.9933,3.3737182999999997,3.3737182999999997,3.3737182999999997,3.3737182999999997,3.3737182999999997,3.3737182999999997,194.0
145,205545.0, Fight,410.0,,,,,,,,
146,206182.0, Fight,420.0,,,,,,,,
147,208347.0, Touch,1288.9252,26.004639,3.4240722999999997,3.4240722999999997,3.4240722999999997,3.4240722999999997,,,154.0
148,209674.0, Fight,430.0,,,,,,,,
149,209682.0, Fight,440.0,,,,,,,,
150,211876.0, Touch,763.938,299.0039,3.4744262999999997,3.4744262999999997,3.4744262999999997,3.4744262999999997,3.4744262999999997,3.4744262999999997,165.0
151,212307.0, Fight,450.0,,,,,,,,
152,212712.0, Fight,460.0,,,,,,,,
153,212721.0, Fight,470.0,,,,,,,,
154,216786.0, Touch,1147.9395,901.9885,3.5247803,3.5247803,3.5247803,3.5247803,3.5247803,3.5247803,268.0
155,217894.0, Drop,44.0,,,,,,,,
156,219864.0, Touch,1181.9495,354.01245,3.5751343,3.5751343,3.5751343,3.5751343,3.5751343,3.5751343,112.0
157,220477.0, Drop,45.0,,,,,,,,
158,222737.0, Touch,1318.9379999999999,237.00806,3.6254883,3.6254883,3.6254883,3.6254883,3.6254883,3.6254883,188.0
159,223672.0, Fight,480.0,,,,,,,,
160,225171.0, Touch,1660.935,574.0137,3.6758422999999993,3.6758422999999993,3.6758422999999993,3.6758422999999993,,,137.0
161,227103.0, Drop,46.0,,,,,,,,
162,230882.0, Touch,1040.9637,410.00977,3.7261963,3.7261963,3.7261963,3.7261963,,,197.0
163,231020.0, Fight,490.0,,,,,,,,
164,234214.0, Touch,760.95703,810.0,3.7765503,3.7765503,3.7765503,3.7765503,3.7765503,3.7765503,221.0
165,235077.0, Drop,47.0,,,,,,,,
166,238005.0, Touch,1442.9187,581.001,3.8269043,3.8269043,3.8269043,3.8269043,3.8269043,3.8269043,237.0
167,238809.0, Drop,48.0,,,,,,,,
168,238822.0, Fight,500.0,,,,,,,,
169,241446.0, Touch,2032.8772,472.9944,3.8772583,3.8772583,3.8772583,3.8772583,,,181.0
170,243702.0, Drop,49.0,,,,,,,,
171,244035.0, Drop,50.0,,,,,,,,
172,246744.0, Touch,1452.9456,126.0022,3.9276123,3.9276123,3.9276123,3.9276123,,,148.0
173,248154.0, Drop,51.0,,,,,,,,
174,249812.0, Touch,1323.9514,666.9909700000001,3.9779663,3.9779663,3.9779663,3.9779663,3.9779663,3.9779663,123.0
175,250931.0, Drop,52.0,,,,,,,,
176,253076.0, Touch,1269.9554,521.0156,4.0283203,4.0283203,4.0283203,4.0283203,4.0283203,4.0283203,128.0
177,253174.0, Fight,510.0,,,,,,,,
178,253181.0, Fight,520.0,,,,,,,,
179,254752.0, Touch,895.9131,692.00684,4.078674299999999,4.078674299999999,4.078674299999999,4.078674299999999,,,94.0
180,254983.0, Fight,530.0,,,,,,,,
181,256676.0, Touch,1147.9395,698.99414,4.1290283,4.1290283,4.1290283,4.1290283,,,145.0
182,256766.0, Fight,540.0,,,,,,,,
183,257474.0, Touch,1283.9117,837.9822,4.179382299999999,4.179382299999999,4.179382299999999,4.179382299999999,4.179382299999999,4.179382299999999,175.0
184,257813.0, Fight,550.0,,,,,,,,
185,258676.0, Drop,53.0,,,,,,,,
186,260977.0, Touch,867.9327400000001,846.98,4.2297363,4.2297363,4.2297363,4.2297363,4.2297363,4.2297363,363.0
187,262266.0, Drop,54.0,,,,,,,,
188,263749.0, Touch,962.9169,730.9973,4.2800902999999995,4.2800902999999995,4.2800902999999995,4.2800902999999995,,,167.0
189,263791.0, Drop,55.0,,,,,,,,
190,263793.0, Fight,560.0,,,,,,,,
191,264376.0, Fight,570.0,,,,,,,,
192,266567.0, Touch,883.9215,305.9912,4.3304443,4.3304443,4.3304443,4.3304443,4.3304443,4.3304443,151.0
193,267635.0, Touch,850.9277300000001,165.02563,4.3807983,4.3807983,4.3807983,4.3807983,4.3807983,4.3807983,189.0
194,267670.0, Drop,56.0,,,,,,,,
195,268172.0, Fight,580.0,,,,,,,,
196,268773.0, Touch,857.9736300000001,240.9961,4.4311523,4.4311523,4.4311523,4.4311523,4.4311523,4.4311523,181.0
197,270708.0, Touch,1440.954,570.00916,4.4815062999999995,4.4815062999999995,4.4815062999999995,4.4815062999999995,4.4815062999999995,4.4815062999999995,104.0
198,271373.0, Fight,590.0,,,,,,,,
199,273673.0, Touch,1389.9389999999999,531.9909700000001,4.5318604,4.5318604,4.5318604,4.5318604,,,163.0
200,273693.0, Drop,57.0,,,,,,,,
201,274444.0, Fight,600.0,,,,,,,,
202,275934.0, Touch,353.9209,260.01342999999997,4.5822144,4.5822144,4.5822144,4.5822144,4.5822144,4.5822144,130.0
203,277867.0, Drop,58.0,,,,,,,,
204,279471.0, Touch,1008.91846,642.9968,4.6325684,4.6325684,4.6325684,4.6325684,,,150.0
205,279838.0, Drop,59.0,,,,,,,,
206,281787.0, Touch,1149.9042,833.0054,4.6829224,4.6829224,4.6829224,4.6829224,4.6829224,4.6829224,175.0
207,282317.0, Drop,60.0,,,,,,,,
208,284580.0, Touch,901.94275,288.49,4.7332764,4.7332764,4.7332764,4.7332764,4.7332764,4.7332764,189.0
209,285378.0, Drop,61.0,,,,,,,,
210,286133.0, Fight,610.0,,,,,,,,
211,287786.0, Touch,1123.9563,441.99645999999996,4.783630400000001,4.783630400000001,4.783630400000001,4.783630400000001,4.783630400000001,4.783630400000001,186.0
212,287917.0, Fight,620.0,,,,,,,,
213,290037.0, Touch,1019.96155,211.00342,4.8339844,4.8339844,4.8339844,4.8339844,,,114.0
214,290684.0, Fight,630.0,,,,,,,,
215,291627.0, Fight,640.0,,,,,,,,
216,292364.0, Touch,924.9096699999999,349.99146,4.884338400000001,4.884338400000001,4.884338400000001,4.884338400000001,4.884338400000001,4.884338400000001,307.0
217,292892.0, Fight,650.0,,,,,,,,
218,294394.0, Touch,1061.9660000000001,701.00464,4.9346924,4.9346924,4.9346924,4.9346924,,,202.0
219,296785.0, Touch,853.9087,898.0005,4.985046400000001,4.985046400000001,4.985046400000001,4.985046400000001,,,169.0
220,297993.0, Drop,62.0,,,,,,,,
221,304289.0, Touch,1817.9095,664.98047,5.0354004,5.0354004,5.0354004,5.0354004,,,165.0
222,306353.0, Drop,63.0,,,,,,,,
223,310607.0, Touch,446.9403,991.9830300000001,5.0857544,5.0857544,5.0857544,5.0857544,5.0857544,5.0857544,200.0
224,312840.0, Drop,64.0,,,,,,,,
225,312873.0, Drop,65.0,,,,,,,,
226,312882.0, Fight,660.0,,,,,,,,
227,315501.0, Touch,1179.917,689.99634,5.1361084,5.1361084,5.1361084,5.1361084,,,145.0
228,315873.0, Fight,670.0,,,,,,,,
229,316252.0, Fight,680.0,,,,,,,,
230,322594.0, Touch,1346.9183,314.0332,5.1864624,5.1864624,5.1864624,5.1864624,5.1864624,5.1864624,152.0
231,323656.0, Drop,66.0,,,,,,,,
232,325793.0, Touch,1471.9153,931.9812,5.2368164,5.2368164,5.2368164,5.2368164,5.2368164,5.2368164,168.0
233,326957.0, Fight,690.0,,,,,,,,
234,329281.0, Touch,518.9575,618.0139,5.287170400000001,5.287170400000001,5.287170400000001,5.287170400000001,5.287170400000001,5.287170400000001,177.0
235,330310.0, Fight,700.0,,,,,,,,
236,331604.0, Drop,67.0,,,,,,,,
237,333625.0, Touch,1443.9349,327.01904,5.3375244,5.3375244,5.3375244,5.3375244,5.3375244,5.3375244,229.0
238,334673.0, Fight,710.0,,,,,,,,
239,339342.0, Touch,1204.9164,714.97925,5.387878400000001,5.387878400000001,5.387878400000001,5.387878400000001,5.387878400000001,5.387878400000001,195.0
240,340085.0, Drop,68.0,,,,,,,,
241,342302.0, Touch,196.94641000000001,392.01416,5.4382324,5.4382324,5.4382324,5.4382324,5.4382324,5.4382324,167.0
242,344723.0, Fight,720.0,,,,,,,,
243,346286.0, Touch,878.9081,443.0017,5.4885864,5.4885864,5.4885864,5.4885864,5.4885864,5.4885864,134.0
244,346837.0, Drop,69.0,,,,,,,,
245,348582.0, Touch,976.9409,296.9934,5.5389404,5.5389404,5.5389404,5.5389404,5.5389404,5.5389404,242.0
246,349225.0, Fight,730.0,,,,,,,,
247,349227.0, Fight,740.0,,,,,,,,
248,349653.0, Fight,750.0,,,,,,,,
249,351252.0, Touch,1318.9379999999999,405.0,5.5892944,5.5892944,5.5892944,5.5892944,5.5892944,5.5892944,221.0
250,351286.0, Fight,760.0,,,,,,,,
251,351693.0, Fight,770.0,,,,,,,,
252,352065.0, Fight,780.0,,,,,,,,
253,352067.0, Fight,790.0,,,,,,,,
254,353642.0, Touch,998.8916,463.0078,5.6396484000000004,5.6396484000000004,5.6396484000000004,5.6396484000000004,5.6396484000000004,5.6396484000000004,126.0
255,353997.0, Fight,800.0,,,,,,,,
256,356134.0, Touch,1151.9366,35.00244,5.690002400000001,5.690002400000001,5.690002400000001,5.690002400000001,5.690002400000001,5.690002400000001,212.0
257,356165.0, Drop,70.0,,,,,,,,
258,356588.0, Drop,71.0,,,,,,,,
259,356913.0, Drop,72.0,,,,,,,,
260,357271.0, Fight,810.0,,,,,,,,
261,359126.0, Touch,793.9508,857.9883,5.7403564000000005,5.7403564000000005,5.7403564000000005,5.7403564000000005,,,166.0
262,359533.0, Fight,820.0,,,,,,,,
263,360143.0, Drop,73.0,,,,,,,,
264,360505.0, Drop,74.0,,,,,,,,
265,361644.0, Touch,962.9169,511.98485999999997,5.790710400000001,5.790710400000001,5.790710400000001,5.790710400000001,,,176.0
266,361760.0, Drop,75.0,,,,,,,,
267,361768.0, Drop,76.0,,,,,,,,
268,362054.0, Fight,830.0,,,,,,,,
269,363926.0, Touch,1123.9563,980.9912,5.8410645,5.8410645,5.8410645,5.8410645,5.8410645,5.8410645,169.0
270,364593.0, Fight,840.0,,,,,,,,
271,364875.0, Fight,850.0,,,,,,,,
272,368387.0, Touch,950.9253,889.0027,5.8914184999999994,5.8914184999999994,5.8914184999999994,5.8914184999999994,5.8914184999999994,5.8914184999999994,215.0
273,369057.0, Fight,860.0,,,,,,,,
274,370508.0, Touch,1826.9202,291.01135,5.9417725,5.9417725,5.9417725,5.9417725,5.9417725,5.9417725,172.0
275,372408.0, Fight,870.0,,,,,,,,
276,374032.0, Touch,901.94275,880.0049,5.9921265,5.9921265,5.9921265,5.9921265,,,140.0
277,374839.0, Drop,77.0,,,,,,,,
278,376843.0, Touch,1961.8762,75.01465,6.0424805,6.0424805,6.0424805,6.0424805,6.0424805,6.0424805,218.0
279,379271.0, Fight,880.0,,,,,,,,
280,381754.0, Touch,1353.8965,946.9775400000001,6.0928345,6.0928345,6.0928345,6.0928345,,,148.0
281,383123.0, Drop,78.0,,,,,,,,
282,384805.0, Touch,1859.914,227.02147999999997,6.1431885,6.1431885,6.1431885,6.1431885,6.1431885,6.1431885,176.0
283,386946.0, Drop,79.0,,,,,,,,
284,388497.0, Touch,1343.9374,349.99146,6.1935425,6.1935425,6.1935425,6.1935425,6.1935425,6.1935425,143.0
285,389337.0, Fight,890.0,,,,,,,,
286,390986.0, Touch,1207.8973,643.9856,6.2438965,6.2438965,6.2438965,6.2438965,6.2438965,6.2438965,228.0
287,391075.0, Fight,900.0,,,,,,,,
288,392884.0, Touch,458.9319,155.0061,6.2942504999999995,6.2942504999999995,6.2942504999999995,6.2942504999999995,,,167.0
289,395024.0, Fight,910.0,,,,,,,,
290,395033.0, Fight,920.0,,,,,,,,
291,398494.0, Touch,1447.9321,257.01416,6.3446045,6.3446045,6.3446045,6.3446045,6.3446045,6.3446045,230.0
292,399152.0, Drop,80.0,,,,,,,,
293,399456.0, Fight,930.0,,,,,,,,
294,401049.0, Touch,1073.9575,234.00879,6.3949584999999995,6.3949584999999995,6.3949584999999995,6.3949584999999995,,,152.0
295,401558.0, Drop,81.0,,,,,,,,
296,401565.0, Fight,940.0,,,,,,,,
297,401873.0, Drop,82.0,,,,,,,,
298,403181.0, Touch,1272.9364,357.01172,6.4453125,6.4453125,6.4453125,6.4453125,6.4453125,6.4453125,178.0
299,403243.0, Fight,950.0,,,,,,,,
300,403634.0, Fight,960.0,,,,,,,,
301,405186.0, Touch,749.91394,664.98047,6.4956665000000005,6.4956665000000005,6.4956665000000005,6.4956665000000005,6.495666500000001,6.495666500000001,219.0
302,406355.0, Drop,83.0,,,,,,,,
303,407835.0, Touch,747.9492,249.9939,6.5460205,6.5460205,6.5460205,6.5460205,6.5460205,6.5460205,126.0
304,409394.0, Fight,970.0,,,,,,,,
305,410752.0, Touch,1082.9004,969.9829,6.5963745,6.5963745,6.5963745,6.5963745,,,127.0
306,411123.0, Fight,980.0,,,,,,,,
307,411495.0, Fight,990.0,,,,,,,,
308,411787.0, Drop,84.0,,,,,,,,
309,411793.0, Fight,1000.0,,,,,,,,
310,414023.0, Touch,1415.9546,745.0049,6.6467285,6.6467285,6.6467285,6.6467285,,,151.0
311,415004.0, Drop,85.0,,,,,,,,
312,416436.0, Touch,1359.9261,636.9983,6.6970825,6.6970825,6.6970825,6.6970825,6.6970825,6.6970825,156.0
313,417224.0, Fight,1010.0,,,,,,,,
314,419147.0, Touch,1131.9507,721.9995,6.747436500000001,6.747436500000001,6.747436500000001,6.747436500000001,6.747436500000001,6.747436500000001,180.0
315,419349.0, Fight,1020.0,,,,,,,,
316,419582.0, Drop,86.0,,,,,,,,
317,420996.0, Touch,790.96985,516.9946,6.7977905,6.7977905,6.7977905,6.7977905,6.7977905,6.7977905,163.0
318,421477.0, Fight,1030.0,,,,,,,,
319,422894.0, Touch,959.9359,757.00195,6.848144500000001,6.848144500000001,6.848144500000001,6.848144500000001,6.848144500000001,6.848144500000001,198.0
320,423288.0, Fight,1040.0,,,,,,,,
321,424825.0, Touch,583.92883,673.9783,6.8984985,6.8984985,6.8984985,6.8984985,6.8984985,6.8984985,145.0
322,426096.0, Fight,1050.0,,,,,,,,
323,426535.0, Fight,1060.0,,,,,,,,
324,428737.0, Touch,421.94092,392.01416,6.948852499999999,6.948852499999999,6.948852499999999,6.948852499999999,6.948852499999998,6.948852499999998,196.0
325,430405.0, Drop,87.0,,,,,,,,
326,432900.0, Touch,1043.9447,410.00977,6.9992065000000006,6.9992065000000006,6.9992065000000006,6.9992065000000006,6.9992065000000006,6.9992065000000006,290.0
327,433274.0, Drop,88.0,,,,,,,,
328,435255.0, Touch,724.91455,633.999,7.049560499999999,7.049560499999999,7.049560499999999,7.049560499999999,,,141.0
329,436112.0, Drop,89.0,,,,,,,,
330,436116.0, Drop,90.0,,,,,,,,
331,437746.0, Touch,1818.9258,354.01245,7.099914599999999,7.099914599999999,7.099914599999999,7.099914599999999,7.099914599999999,7.099914599999999,181.0
332,439416.0, Fight,1070.0,,,,,,,,
333,441484.0, Touch,2069.936,540.0,7.1502686,7.1502686,7.1502686,7.1502686,7.1502686,7.1502686,206.0
334,442855.0, Drop,91.0,,,,,,,,
335,442857.0, Fight,1080.0,,,,,,,,
336,443785.0, Drop,92.0,,,,,,,,
337,445479.0, Touch,1309.9274,686.9806,7.200622599999999,7.200622599999999,7.200622599999999,7.200622599999999,7.200622599999999,7.200622599999999,205.0
338,445812.0, Drop,93.0,,,,,,,,
339,446127.0, Drop,94.0,,,,,,,,
340,448002.0, Touch,1878.8837,575.9912,7.2509766,7.2509766,7.2509766,7.2509766,7.2509766,7.2509766,188.0
341,449756.0, Drop,95.0,,,,,,,,
342,450088.0, Drop,96.0,,,,,,,,
343,451578.0, Touch,1035.9503,0.0,7.3013306,7.3013306,7.3013306,7.3013306,7.3013306,7.3013306,197.0
344,452875.0, Drop,97.0,,,,,,,,
345,454968.0, Touch,790.96985,302.99194,7.351684599999999,7.351684599999999,7.351684599999999,7.351684599999999,7.351684599999999,7.351684599999999,142.0
346,455824.0, Drop,98.0,,,,,,,,
347,457135.0, Touch,742.9358,216.01317999999998,7.4020386,7.4020386,7.4020386,7.4020386,7.4020386,7.4020386,144.0
348,458440.0, Drop,99.0,,,,,,,,
349,459757.0, Touch,617.93884,855.9778,7.4523926,7.4523926,7.4523926,7.4523926,7.4523926,7.4523926,167.0
350,461044.0, Drop,100.0,,,,,,,,
351,461464.0, Drop,101.0,,,,,,,,
352,463116.0, Touch,492.9419,663.9917,7.5027466,7.5027466,7.5027466,7.5027466,7.5027466,7.5027466,149.0
353,464977.0, Drop,102.0,,,,,,,,
354,464985.0, Drop,103.0,,,,,,,,
355,466618.0, Touch,924.9096699999999,207.01538,7.5531006,7.5531006,7.5531006,7.5531006,7.5531006,7.5531006,171.0
356,468036.0, Drop,104.0,,,,,,,,
357,469953.0, Touch,398.974,472.9944,7.6034546,7.6034546,7.6034546,7.6034546,7.6034546,7.6034546,187.0
358,470505.0, Fight,1090.0,,,,,,,,
359,471146.0, Drop,105.0,,,,,,,,
360,472117.0, Drop,106.0,,,,,,,,
361,474477.0, Touch,1220.9052,1010.9839,7.6538086,7.6538086,7.6538086,7.6538086,7.6538086,7.6538086,186.0
362,474650.0, Fight,1100.0,,,,,,,,
363,474982.0, Drop,107.0,,,,,,,,
364,475312.0, Drop,108.0,,,,,,,,
365,475664.0, Drop,109.0,,,,,,,,
366,477460.0, Touch,1102.8864,207.01538,7.704162599999999,7.704162599999999,7.704162599999999,7.704162599999999,7.704162599999999,7.704162599999999,147.0
367,478232.0, Drop,110.0,,,,,,,,
368,479913.0, Touch,1438.9215,960.9851,7.7545166,7.7545166,7.7545166,7.7545166,,,116.0
369,481442.0, Drop,111.0,,,,,,,,
370,481452.0, Fight,1110.0,,,,,,,,
371,484242.0, Touch,588.9084,975.98145,7.804870599999999,7.804870599999999,7.804870599999999,7.804870599999999,7.804870599999999,7.804870599999999,172.0
372,485547.0, Drop,112.0,,,,,,,,
373,485551.0, Drop,113.0,,,,,,,,
374,485924.0, Drop,114.0,,,,,,,,
375,490284.0, Touch,1702.9395,830.9949,7.8552246,7.8552246,7.8552246,7.8552246,,,123.0
376,491204.0, Drop,115.0,,,,,,,,
377,492150.0, Drop,116.0,,,,,,,,
378,492155.0, Drop,117.0,,,,,,,,
379,492161.0, Drop,118.0,,,,,,,,
380,494224.0, Touch,829.9255400000001,118.02611999999999,7.905578599999999,7.905578599999999,7.905578599999999,7.905578599999999,7.905578599999999,7.905578599999999,212.0
381,495207.0, Drop,119.0,,,,,,,,
382,495574.0, Drop,120.0,,,,,,,,
383,497052.0, Touch,1732.8845,552.98584,7.9559326,7.9559326,7.9559326,7.9559326,7.9559326,7.9559326,170.0
384,498414.0, Fight,1120.0,,,,,,,,
385,498773.0, Drop,121.0,,,,,,,,
386,500586.0, Touch,887.9187,211.00342,8.006287,8.006287,8.006287,8.006287,8.006287,8.006287,179.0
387,501384.0, Drop,122.0,,,,,,,,
388,503532.0, Touch,2028.88,598.9966,8.056641,8.056641,8.056641,8.056641,8.056641,8.056641,130.0
389,505200.0, Fight,1130.0,,,,,,,,
390,505816.0, Drop,123.0,,,,,,,,
391,508606.0, Touch,1200.9192,849.97925,8.106995,8.106995,8.106995,8.106995,8.106995,8.106995,118.0
392,508945.0, Drop,124.0,,,,,,,,
393,511008.0, Touch,1479.9097,795.99243,8.157349,8.157349,8.157349,8.157349,,,150.0
394,511214.0, Fight,1140.0,,,,,,,,
395,511971.0, Drop,125.0,,,,,,,,
396,512320.0, Drop,126.0,,,,,,,,
397,512695.0, Fight,1150.0,,,,,,,,
398,514097.0, Touch,598.9691,619.99146,8.207703,8.207703,8.207703,8.207703,8.207703,8.207703,181.0
399,514870.0, Drop,127.0,,,,,,,,
400,515208.0, Fight,1160.0,,,,,,,,
401,516777.0, Touch,1637.9004,95.02075,8.258057,8.258057,8.258057,8.258057,8.258057,8.258057,256.0
402,517883.0, Fight,1170.0,,,,,,,,
403,518202.0, Drop,128.0,,,,,,,,
404,519909.0, Touch,809.9396,451.01074000000006,8.308411,8.308411,8.308411,8.308411,8.308411,8.308411,134.0
405,520505.0, Drop,129.0,,,,,,,,
406,522505.0, Touch,1457.8912,258.00293,8.358765,8.358765,8.358765,8.358765,,,203.0
407,522864.0, Drop,130.0,,,,,,,,
408,523113.0, Fight,1180.0,,,,,,,,
409,523395.0, Drop,131.0,,,,,,,,
410,525126.0, Touch,340.98082999999997,537.00073,8.409119,8.409119,8.409119,8.409119,8.409119,8.409119,200.0
411,526884.0, Drop,132.0,,,,,,,,
412,528384.0, Touch,1313.9246,107.01782,8.459473,8.459473,8.459473,8.459473,,,171.0
413,529332.0, Drop,133.0,,,,,,,,
414,531353.0, Touch,1611.8848,793.98193,8.509827,8.509827,8.509827,8.509827,,,149.0
415,531806.0, Drop,134.0,,,,,,,,
416,531810.0, Fight,1190.0,,,,,,,,
417,532940.0, Drop,135.0,,,,,,,,
418,534281.0, Touch,890.9674,730.9973,8.560181,8.560181,8.560181,8.560181,8.560181,8.560181,144.0
419,534760.0, Drop,136.0,,,,,,,,
420,536407.0, Touch,939.94995,436.0144,8.610535,8.610535,8.610535,8.610535,8.610535,8.610535,198.0
421,536646.0, Drop,137.0,,,,,,,,
422,538612.0, Touch,330.95398,790.98267,8.660889,8.660889,8.660889,8.660889,8.660889,8.660889,120.0
423,540351.0, Fight,1200.0,,,,,,,,
424,542602.0, Touch,448.97278,880.0049,8.711243,8.711243,8.711243,8.711243,8.711243,8.711243,181.0
425,543088.0, Fight,1210.0,,,,,,,,
426,543092.0, Fight,1220.0,,,,,,,,
427,543412.0, Drop,138.0,,,,,,,,
428,543748.0, Fight,1230.0,,,,,,,,
429,544474.0, Drop,139.0,,,,,,,,
430,547295.0, Touch,1390.9552,24.0271,8.761597,8.761597,8.761597,8.761597,,,138.0
431,548668.0, Drop,140.0,,,,,,,,
432,549083.0, Drop,141.0,,,,,,,,
433,551178.0, Touch,1061.9660000000001,311.00097999999997,8.811950999999999,8.811950999999999,8.811950999999999,8.811950999999999,,,166.0
434,551417.0, Drop,142.0,,,,,,,,
435,551418.0, Fight,1240.0,,,,,,,,
436,551786.0, Drop,143.0,,,,,,,,
437,553932.0, Touch,1297.9358,793.98193,8.862305000000001,8.862305000000001,8.862305000000001,8.862305000000001,8.862305000000001,8.862305000000001,312.0
438,554327.0, Fight,1250.0,,,,,,,,
439,556574.0, Touch,842.93335,906.9983,8.912659,8.912659,8.912659,8.912659,8.912659,8.912659,131.0
440,557537.0, Drop,144.0,,,,,,,,
441,559825.0, Touch,1272.9364,449.00024,8.963013,8.963013,8.963013,8.963013,8.963013,8.963013,174.0
442,560342.0, Drop,145.0,,,,,,,,
443,562568.0, Touch,390.9796,618.0139,9.013367,9.013367,9.013367,9.013367,,,114.0
444,564183.0, Drop,146.0,,,,,,,,
445,566353.0, Fight,1260.0,,,,,,,,
446,566387.0, Touch,980.9381,648.0066,9.063721000000001,9.063721000000001,9.063721000000001,9.063721000000001,,,130.0
447,568624.0, Touch,1466.9019,834.9829,9.114075,9.114075,9.114075,9.114075,9.114075,9.114075,268.0
448,569663.0, Fight,1270.0,,,,,,,,
449,572035.0, Touch,1316.9055,636.9983,9.164429,9.164429,9.164429,9.164429,,,203.0
450,572421.0, Drop,147.0,,,,,,,,
451,572423.0, Fight,1280.0,,,,,,,,
452,574436.0, Touch,1057.901,443.0017,9.214783,9.214783,9.214783,9.214783,9.214783,9.214783,160.0
453,574618.0, Drop,148.0,,,,,,,,
454,576895.0, Touch,1871.8716,674.0112,9.265137,9.265137,9.265137,9.265137,9.265137,9.265137,174.0
455,578853.0, Drop,149.0,,,,,,,,
456,580977.0, Touch,1038.9313,605.9839,9.315491,9.315491,9.315491,9.315491,9.315491,9.315491,145.0
457,581194.0, Drop,150.0,,,,,,,,
458,582896.0, Touch,1841.8927,530.0134,9.365845,9.365845,9.365845,9.365845,9.365845,9.365845,258.0
459,584382.0, Drop,151.0,,,,,,,,
460,586203.0, Touch,1415.9546,458.98682,9.416199,9.416199,9.416199,9.416199,9.416199,9.416199,181.0
461,586963.0, Drop,152.0,,,,,,,,
462,588558.0, Touch,605.94727,537.00073,9.466553,9.466553,9.466553,9.466553,9.466553,9.466553,151.0
463,591954.0, Touch,1392.9199,472.0056,9.516907000000002,9.516907000000002,9.516907000000002,9.516907000000002,9.516907000000002,9.516907000000002,292.0
464,592675.0, Drop,153.0,,,,,,,,
465,594476.0, Touch,847.9129,458.98682,9.567261,9.567261,9.567261,9.567261,9.567261,9.567261,151.0
466,595075.0, Drop,154.0,,,,,,,,
467,597027.0, Touch,932.90405,627.0117,9.617614999999999,9.617614999999999,9.617614999999999,9.617614999999999,9.617614999999999,9.617614999999999,175.0
468,597422.0, Drop,155.0,,,,,,,,
469,599182.0, Touch,821.93115,165.02563,9.667969,9.667969,9.667969,9.667969,9.667969,9.667969,269.0
470,600207.0, Drop,156.0,,,,,,,,
471,602150.0, Touch,1283.9117,433.01514000000003,9.718323,9.718323,9.718323,9.718323,9.718323,9.718323,201.0
472,602497.0, Drop,157.0,,,,,,,,
473,602506.0, Fight,1290.0,,,,,,,,
474,604291.0, Touch,1052.9553,952.9761,9.768677,9.768677,9.768677,9.768677,9.768677,9.768677,153.0
475,605112.0, Drop,158.0,,,,,,,,
476,607247.0, Touch,2097.9163,125.01343,9.819030999999999,9.819030999999999,9.819030999999999,9.819030999999999,9.819030999999999,9.819030999999999,205.0
