,Time,Event,X-coord,Y-coord,down-contact-minor,down-contact-major,up-contact-minor,up-contact-major,average-move-contact-minor,average-move-contact-major,move-time
0,1.0, Touch,1192.9248,278.9978,,,34.039307,34.039307,,,
1,1070.0, Touch,1192.9248,278.9978,34.089659999999995,34.089659999999995,34.089659999999995,34.089659999999995,,,128.0
2,1811.0, Fight,10.0,,,,,,,,
3,1906.0, Touch,1286.9604,315.02197,34.140015000000005,34.140015000000005,34.140015000000005,34.140015000000005,,,256.0
4,2861.0, Touch,1332.8943,686.0083,34.19037,34.19037,34.19037,34.19037,,,195.0
5,4774.0, Fight,20.0,,,,,,,,
6,4839.0, Touch,1043.9447,655.98267,34.240722999999996,34.240722999999996,34.240722999999996,34.240722999999996,34.240722999999996,34.240722999999996,174.0
7,6001.0, Touch,631.9629,765.9997599999999,34.291077,34.291077,34.291077,34.291077,34.291077,34.291077,143.0
8,7149.0, Drop,1.0,,,,,,,,
9,8304.0, Touch,1661.8776,610.0049,34.341429999999995,34.341429999999995,34.341429999999995,34.341429999999995,34.341429999999995,34.341429999999995,145.0
10,9435.0, Fight,30.0,,,,,,,,
11,9435.0, Fight,40.0,,,,,,,,
12,10918.0, Touch,746.933,663.9917,34.391785,34.391785,34.391785,34.391785,34.391785,34.391785,159.0
13,11434.0, Fight,50.0,,,,,,,,
14,12481.0, Touch,1752.9382,299.99268,34.44214,34.44214,34.44214,34.44214,,,143.0
15,14044.0, Drop,2.0,,,,,,,,
16,15087.0, Touch,1262.9095,760.99,34.492492999999996,34.492492999999996,34.492492999999996,34.492492999999996,,,152.0
17,15541.0, Drop,3.0,,,,,,,,
18,17273.0, Drop,4.0,,,,,,,,
19,17342.0, Touch,1113.9294,660.74146,34.542846999999995,34.542846999999995,34.542846999999995,34.542846999999995,34.542846999999995,34.542846999999995,144.0
20,17488.0, Fight,60.0,,,,,,,,
21,17945.0, Fight,70.0,,,,,,,,
22,19193.0, Touch,711.9745,495.99976,34.5932,34.5932,34.5932,34.5932,,,160.0
23,19800.0, Drop,5.0,,,,,,,,
24,20888.0, Drop,6.0,,,,,,,,
25,20895.0, Touch,1043.9447,478.00415,34.643555,34.643555,34.643555,34.643555,34.643555,34.643555,146.0
26,22159.0, Touch,1443.3013,311.00097999999997,34.693909999999995,34.693909999999995,34.693909999999995,34.693909999999995,34.693909999999995,34.693909999999995,159.0
27,23003.0, Drop,7.0,,,,,,,,
28,24173.0, Touch,1640.9491,487.99072,34.744263000000004,34.744263000000004,34.744263000000004,34.744263000000004,,,168.0
29,25293.0, Drop,8.0,,,,,,,,
30,26241.0, Touch,1182.8980000000001,795.99243,34.794616999999995,34.794616999999995,34.794616999999995,34.794616999999995,,,152.0
31,26641.0, Drop,9.0,,,,,,,,
32,27645.0, Touch,1669.9457,486.01318,34.84497,34.84497,34.84497,34.84497,34.844969999999996,34.844969999999996,176.0
33,28715.0, Fight,80.0,,,,,,,,
34,29010.0, Drop,10.0,,,,,,,,
35,30250.0, Touch,955.9387,389.0149,34.895325,34.895325,34.895325,34.895325,,,127.0
36,30585.0, Fight,90.0,,,,,,,,
37,31486.0, Touch,1101.9379,264.00146,34.945679999999996,34.945679999999996,34.945679999999996,34.945679999999996,34.945679999999996,34.945679999999996,145.0
38,31903.0, Fight,100.0,,,,,,,,
39,32917.0, Touch,1513.9197,487.99072,34.996033000000004,34.996033000000004,34.996033000000004,34.996033000000004,34.996033000000004,34.996033000000004,203.0
40,33213.0, Fight,110.0,,,,,,,,
41,33885.0, Drop,11.0,,,,,,,,
42,33886.0, Fight,120.0,,,,,,,,
43,34505.0, Touch,1223.9539,674.0112,35.046387,35.046387,35.046387,35.046387,35.046387,35.046387,176.0
44,34890.0, Drop,12.0,,,,,,,,
45,35725.0, Touch,998.3644400000001,645.0073,35.096740000000004,35.096740000000004,35.096740000000004,35.096740000000004,35.096740000000004,35.096740000000004,200.0
46,35895.0, Drop,13.0,,,,,,,,
47,36862.0, Touch,1313.9246,515.0171,35.147095,35.147095,35.147095,35.147095,35.147095,35.147095,127.0
48,36881.0, Fight,130.0,,,,,,,,
49,38194.0, Touch,702.96387,965.9949,35.19745,35.19745,35.19745,35.19745,,,151.0
50,39817.0, Fight,140.0,,,,,,,,
51,40430.0, Touch,1454.9103,828.9844,35.247803000000005,35.247803000000005,35.247803000000005,35.247803000000005,,,199.0
52,40896.0, Fight,150.0,,,,,,,,
53,42512.0, Drop,14.0,,,,,,,,
54,42588.0, Touch,1108.9160000000002,390.99242999999996,35.298157,35.298157,35.298157,35.298157,,,151.0
55,43928.0, Touch,726.947,1002.97485,35.34851,35.34851,35.34851,35.34851,35.34851,35.34851,143.0
56,45319.0, Drop,15.0,,,,,,,,
57,45841.0, Fight,160.0,,,,,,,,
58,46918.0, Touch,940.9662,600.9741,35.398865,35.398865,35.398865,35.398865,35.398865,35.398865,159.0
59,47171.0, Fight,170.0,,,,,,,,
60,49436.0, Touch,1783.8995,595.9973,35.449220000000004,35.449220000000004,35.449220000000004,35.449220000000004,,,168.0
61,50966.0, Drop,16.0,,,,,,,,
62,51538.0, Touch,597.9529,352.00195,35.499573,35.499573,35.499573,35.499573,35.499573,35.499573,144.0
63,53307.0, Drop,17.0,,,,,,,,
64,53824.0, Touch,820.11194,330.0183,35.549927000000004,35.549927000000004,35.549927000000004,35.549927000000004,35.549927000000004,35.549927000000004,169.0
65,54359.0, Drop,18.0,,,,,,,,
66,55659.0, Touch,874.90234,830.0061,35.60028,35.60028,35.60028,35.60028,35.60028,35.60028,153.0
67,56318.0, Drop,19.0,,,,,,,,
68,56602.0, Drop,20.0,,,,,,,,
69,57873.0, Touch,975.9247,313.01147000000003,35.650635,35.650635,35.650635,35.650635,,,137.0
70,58336.0, Drop,21.0,,,,,,,,
71,59147.0, Touch,745.91675,651.00586,35.700990000000004,35.700990000000004,35.700990000000004,35.700990000000004,35.700990000000004,35.700990000000004,127.0
72,59588.0, Drop,22.0,,,,,,,,
73,59896.0, Fight,180.0,,,,,,,,
74,61337.0, Touch,1235.9454,722.9883,35.751343,35.751343,35.751343,35.751343,,,143.0
75,61371.0, Fight,190.0,,,,,,,,
76,62815.0, Fight,200.0,,,,,,,,
77,62917.0, Touch,752.96265,399.99023,35.801697,35.801697,35.801697,35.801697,,,127.0
78,63377.0, Drop,23.0,,,,,,,,
79,63377.0, Fight,210.0,,,,,,,,
80,63653.0, Drop,24.0,,,,,,,,
81,63922.0, Fight,220.0,,,,,,,,
82,65515.0, Touch,933.9203,445.0122,35.85205,35.85205,35.85205,35.85205,,,151.0
83,65537.0, Drop,25.0,,,,,,,,
84,65537.0, Fight,230.0,,,,,,,,
85,66785.0, Touch,1214.9432,916.9848599999999,35.902405,35.902405,35.902405,35.902405,,,128.0
86,67340.0, Fight,240.0,,,,,,,,
87,68506.0, Touch,784.9402,540.0,35.95276,35.95276,35.95276,35.95276,35.95276,35.95276,148.0
88,68753.0, Fight,250.0,,,,,,,,
89,69003.0, Fight,260.0,,,,,,,,
90,69969.0, Touch,1072.9413,246.99462999999997,36.003113,36.003113,36.003113,36.003113,36.003113,36.003113,140.0
91,70566.0, Drop,26.0,,,,,,,,
92,71917.0, Touch,955.9387,804.99023,36.053467,36.053467,36.053467,36.053467,36.053467,36.053467,167.0
93,72369.0, Drop,27.0,,,,,,,,
94,73451.0, Touch,1070.9088,215.02441000000002,36.10382,36.10382,36.10382,36.10382,,,185.0
95,74020.0, Drop,28.0,,,,,,,,
96,74829.0, Touch,1379.9121,172.01294,36.154175,36.154175,36.154175,36.154175,,,144.0
97,75900.0, Fight,270.0,,,,,,,,
98,76553.0, Touch,1216.9080000000001,302.99194,36.20453,36.20453,36.20453,36.20453,36.20453,36.20453,160.0
99,76598.0, Fight,280.0,,,,,,,,
100,81105.0, Touch,1649.892,836.9934,36.254883,36.254883,36.254883,36.254883,,,192.0
101,82564.0, Fight,290.0,,,,,,,,
102,83985.0, Touch,1767.9108,522.99316,36.305237,36.305237,36.305237,36.305237,36.305237,36.305237,168.0
103,84631.0, Drop,29.0,,,,,,,,
104,85450.0, Fight,300.0,,,,,,,,
105,85516.0, Touch,1688.9154,663.9917,36.35559,36.35559,36.35559,36.35559,,,185.0
106,85736.0, Fight,310.0,,,,,,,,
107,86597.0, Fight,320.0,,,,,,,,
108,88074.0, Touch,1021.9263,906.9983,36.405945,36.405945,36.405945,36.405945,,,167.0
109,88821.0, Drop,30.0,,,,,,,,
110,90768.0, Touch,1657.8864,563.99414,36.4563,36.4563,36.4563,36.4563,36.4563,36.4563,156.0
111,92089.0, Drop,31.0,,,,,,,,
112,93248.0, Touch,797.948,622.00195,36.506653,36.506653,36.506653,36.506653,36.506653,36.506653,111.0
113,93719.0, Drop,32.0,,,,,,,,
114,95252.0, Touch,1457.8912,563.99414,36.557007,36.557007,36.557007,36.557007,,,168.0
115,95899.0, Drop,33.0,,,,,,,,
116,97266.0, Touch,826.9446,202.99438,36.60736,36.60736,36.60736,36.60736,,,127.0
117,98095.0, Drop,34.0,,,,,,,,
118,99038.0, Touch,1167.9254,442.01294,36.657715,36.657715,36.657715,36.657715,,,127.0
119,99082.0, Drop,35.0,,,,,,,,
120,100056.0, Touch,1109.9323,269.01122999999995,36.70807,36.70807,36.70807,36.70807,36.70807,36.70807,120.0
121,100823.0, Fight,330.0,,,,,,,,
122,103120.0, Touch,563.9429,973.97095,36.758423,36.758423,36.758423,36.758423,,,128.0
123,105047.0, Drop,36.0,,,,,,,,
124,106344.0, Touch,1111.9647,115.026855,36.808777,36.808777,36.808777,36.808777,,,168.0
125,107131.0, Drop,37.0,,,,,,,,
126,108318.0, Touch,712.923,569.0039,36.85913,36.85913,36.85913,36.85913,36.85913,36.85913,146.0
127,109074.0, Fight,340.0,,,,,,,,
128,110314.0, Touch,1884.9133,64.00635,36.909485,36.909485,36.909485,36.909485,36.909485,36.909485,192.0
129,111934.0, Fight,350.0,,,,,,,,
130,112456.0, Drop,38.0,,,,,,,,
131,113101.0, Touch,1209.9298,666.0022,36.95984,36.95984,36.95984,36.95984,,,174.0
132,113140.0, Drop,39.0,,,,,,,,
133,114401.0, Touch,826.9446,534.00146,37.010193,37.010193,37.010193,37.010193,37.010193,37.010193,145.0
134,114833.0, Fight,360.0,,,,,,,,
135,115771.0, Touch,1413.9221,358.98926,37.060547,37.060547,37.060547,37.060547,37.060547,37.060547,159.0
136,116362.0, Drop,40.0,,,,,,,,
137,117551.0, Touch,933.9203,381.00586,37.1109,37.1109,37.1109,37.1109,,,142.0
138,118016.0, Drop,41.0,,,,,,,,
139,119621.0, Touch,945.9118699999999,795.99243,37.161255,37.161255,37.161255,37.161255,,,128.0
140,120114.0, Drop,42.0,,,,,,,,
141,121564.0, Touch,785.9564,490.99,37.21161,37.21161,37.21161,37.21161,,,154.0
142,122013.0, Fight,370.0,,,,,,,,
143,122814.0, Touch,1004.92126,362.02148,37.261963,37.261963,37.261963,37.261963,37.261963,37.261963,145.0
144,123062.0, Fight,380.0,,,,,,,,
145,125420.0, Touch,1138.9288,763.98926,37.312317,37.312317,37.312317,37.312317,,,137.0
146,125658.0, Fight,390.0,,,,,,,,
147,127313.0, Touch,735.9576400000001,393.00293,37.36267,37.36267,37.36267,37.36267,37.36267,37.36267,169.0
148,127862.0, Drop,43.0,,,,,,,,
149,127862.0, Drop,44.0,,,,,,,,
150,128708.0, Touch,570.9209999999999,471.01685,37.413025,37.413025,37.413025,37.413025,,,152.0
151,129064.0, Fight,400.0,,,,,,,,
152,129488.0, Fight,410.0,,,,,,,,
153,130825.0, Touch,672.95105,816.9873,37.46338,37.46338,37.46338,37.46338,37.463379999999994,37.463379999999994,151.0
154,131461.0, Fight,420.0,,,,,,,,
155,131916.0, Fight,430.0,,,,,,,,
156,132149.0, Fight,440.0,,,,,,,,
157,133624.0, Touch,1006.95374,366.9983,37.513733,37.513733,37.513733,37.513733,37.513733,37.513733,151.0
158,133761.0, Drop,45.0,,,,,,,,
159,134859.0, Touch,838.93616,1053.9954,37.564087,37.564087,37.564087,37.564087,37.564087,37.564087,159.0
160,136083.0, Drop,46.0,,,,,,,,
161,136625.0, Touch,1313.9246,643.9856,37.61444,37.61444,37.61444,37.61444,37.61444,37.61444,200.0
162,136781.0, Drop,47.0,,,,,,,,
163,138132.0, Touch,1620.8954,299.99268,37.664795,37.664795,37.664795,37.664795,37.664795,37.664795,169.0
164,138931.0, Fight,450.0,,,,,,,,
165,139713.0, Fight,460.0,,,,,,,,
166,140401.0, Touch,1320.9027,555.9851,37.71515,37.71515,37.71515,37.71515,37.71515,37.71515,224.0
167,140701.0, Fight,470.0,,,,,,,,
168,141630.0, Touch,1265.9583,586.01074,37.765503,37.765503,37.765503,37.765503,37.765503,37.765503,161.0
169,142047.0, Drop,48.0,,,,,,,,
170,142914.0, Fight,480.0,,,,,,,,
171,143009.0, Touch,1156.7623,625.0012,37.815857,37.815857,37.815857,37.815857,37.815857,37.815857,234.0
172,143131.0, Fight,490.0,,,,,,,,
173,144331.0, Touch,1272.9364,795.99243,37.866209999999995,37.866209999999995,37.866209999999995,37.866209999999995,37.866209999999995,37.866209999999995,160.0
174,145126.0, Drop,49.0,,,,,,,,
175,145567.0, Touch,1369.953,704.9927,37.916565000000006,37.916565000000006,37.916565000000006,37.916565000000006,37.916565000000006,37.916565000000006,200.0
176,146215.0, Drop,50.0,,,,,,,,
177,147062.0, Touch,735.9576400000001,501.00952,37.96692,37.96692,37.96692,37.96692,,,219.0
178,147889.0, Fight,500.0,,,,,,,,
179,149030.0, Drop,51.0,,,,,,,,
180,149132.0, Touch,1035.9503,660.99243,38.017272999999996,38.017272999999996,38.017272999999996,38.017272999999996,,,177.0
181,150350.0, Touch,814.953,495.99976,38.067627,38.067627,38.067627,38.067627,,,160.0
182,150503.0, Fight,510.0,,,,,,,,
183,151637.0, Drop,52.0,,,,,,,,
184,151637.0, Fight,520.0,,,,,,,,
185,151874.0, Touch,1109.9323,755.9802,38.117979999999996,38.117979999999996,38.117979999999996,38.117979999999996,38.117979999999996,38.117979999999996,264.0
186,151920.0, Fight,530.0,,,,,,,,
187,153382.0, Touch,1588.9178,551.9971,38.168335,38.168335,38.168335,38.168335,,,184.0
188,154115.0, Fight,540.0,,,,,,,,
189,154684.0, Drop,53.0,,,,,,,,
190,155732.0, Touch,1045.9094,418.0188,38.21869,38.21869,38.21869,38.21869,38.21869,38.21869,152.0
191,157448.0, Touch,1450.9131,610.0049,38.269042999999996,38.269042999999996,38.269042999999996,38.269042999999996,38.269042999999996,38.269042999999996,191.0
192,157521.0, Fight,550.0,,,,,,,,
193,158084.0, Fight,560.0,,,,,,,,
194,158368.0, Drop,54.0,,,,,,,,
195,158369.0, Fight,570.0,,,,,,,,
196,160032.0, Touch,1221.9214,396.0022,38.319396999999995,38.319396999999995,38.319396999999995,38.319396999999995,38.319396999999995,38.319396999999995,153.0
197,160361.0, Drop,55.0,,,,,,,,
198,161579.0, Touch,1332.8943,822.98584,38.36975,38.36975,38.36975,38.36975,,,169.0
199,162135.0, Drop,56.0,,,,,,,,
200,162135.0, Fight,580.0,,,,,,,,
201,163223.0, Touch,1489.9365,481.00342,38.420105,38.420105,38.420105,38.420105,,,175.0
202,163978.0, Fight,590.0,,,,,,,,
203,165067.0, Touch,931.95557,415.01953,38.470459999999996,38.470459999999996,38.470459999999996,38.470459999999996,,,150.0
204,165380.0, Fight,600.0,,,,,,,,
205,166448.0, Touch,1379.9121,211.00342,38.520813000000004,38.520813000000004,38.520813000000004,38.520813000000004,38.520813000000004,38.520813000000004,216.0
206,167246.0, Drop,57.0,,,,,,,,
207,167652.0, Touch,1170.9064,174.02344,38.571166999999996,38.571166999999996,38.571166999999996,38.571166999999996,38.571166999999996,38.571166999999996,177.0
208,167905.0, Drop,58.0,,,,,,,,
209,168901.0, Touch,880.94055,478.99292,38.621520000000004,38.621520000000004,38.621520000000004,38.621520000000004,,,167.0
210,169782.0, Fight,610.0,,,,,,,,
211,169871.0, Touch,1019.96155,622.00195,38.671875,38.671875,38.671875,38.671875,,,159.0
212,171363.0, Touch,1228.8995,232.03125,38.722229999999996,38.722229999999996,38.722229999999996,38.722229999999996,38.722229999999996,38.722229999999996,213.0
213,171404.0, Drop,59.0,,,,,,,,
214,171932.0, Fight,620.0,,,,,,,,
215,173871.0, Touch,1337.9077,410.99854,38.772583000000004,38.772583000000004,38.772583000000004,38.772583000000004,,,145.0
216,174208.0, Fight,630.0,,,,,,,,
217,175307.0, Touch,397.95776,554.00757,38.822936999999996,38.822936999999996,38.822936999999996,38.822936999999996,38.822936999999996,38.822936999999996,161.0
218,176496.0, Fight,640.0,,,,,,,,
219,177003.0, Fight,650.0,,,,,,,,
220,177727.0, Touch,995.971,363.99902000000003,38.873290000000004,38.873290000000004,38.873290000000004,38.873290000000004,38.873290000000004,38.873290000000004,176.0
221,179333.0, Drop,60.0,,,,,,,,
222,179395.0, Touch,1252.9504,486.01318,38.923645,38.923645,38.923645,38.923645,38.923645,38.923645,192.0
223,180840.0, Touch,1413.9221,410.00977,38.974000000000004,38.974000000000004,38.974000000000004,38.974000000000004,38.974,38.974,152.0
224,181266.0, Fight,660.0,,,,,,,,
225,182194.0, Drop,61.0,,,,,,,,
226,182299.0, Touch,1313.9246,590.98755,39.024353000000005,39.024353000000005,39.024353000000005,39.024353000000005,,,176.0
227,182532.0, Drop,62.0,,,,,,,,
228,183431.0, Touch,729.928,571.0144,39.074707000000004,39.074707000000004,39.074707000000004,39.074707000000004,39.074707000000004,39.074707000000004,170.0
229,184039.0, Touch,648.9679,686.0083,39.12506,39.12506,39.12506,39.12506,,,167.0
230,185227.0, Touch,203.6106,868.9966,39.175415,39.175415,39.175415,39.175415,39.175415,39.175415,199.0
231,187457.0, Touch,389.96338,719.9889999999999,39.225770000000004,39.225770000000004,39.225770000000004,39.225770000000004,39.225770000000004,39.225770000000004,191.0
232,187764.0, Fight,670.0,,,,,,,,
233,189105.0, Drop,63.0,,,,,,,,
234,189105.0, Fight,680.0,,,,,,,,
235,190601.0, Drop,64.0,,,,,,,,
236,190720.0, Touch,1019.96155,675.9888,39.276123,39.276123,39.276123,39.276123,39.27612299999999,39.27612299999999,142.0
237,190852.0, Fight,690.0,,,,,,,,
238,192020.0, Touch,1430.9271,369.0088,39.326477000000004,39.326477000000004,39.326477000000004,39.326477000000004,,,249.0
239,192332.0, Drop,65.0,,,,,,,,
240,193415.0, Touch,1326.9324,992.9883,39.37683,39.37683,39.37683,39.37683,,,175.0
241,196366.0, Touch,945.9118699999999,390.99242999999996,39.427184999999994,39.427184999999994,39.427184999999994,39.427184999999994,,,132.0
242,196764.0, Drop,66.0,,,,,,,,
243,197786.0, Touch,491.4853,900.9997599999999,39.477540000000005,39.477540000000005,39.477540000000005,39.477540000000005,39.477540000000005,39.477540000000005,151.0
244,199353.0, Fight,700.0,,,,,,,,
245,200450.0, Touch,1142.9260000000002,132.00073,39.527893,39.527893,39.527893,39.527893,39.527893,39.527893,145.0
246,200904.0, Drop,67.0,,,,,,,,
247,202005.0, Touch,1230.932,513.0066,39.578247,39.578247,39.578247,39.578247,39.578247,39.578247,153.0
248,203664.0, Touch,1013.9319,695.9949,39.6286,39.6286,39.6286,39.6286,39.6286,39.6286,167.0
249,203915.0, Drop,68.0,,,,,,,,
250,203915.0, Drop,69.0,,,,,,,,
251,204964.0, Touch,1021.9263,716.98975,39.678955,39.678955,39.678955,39.678955,,,168.0
252,204979.0, Drop,70.0,,,,,,,,
253,206412.0, Touch,745.91675,839.9927,39.72931,39.72931,39.72931,39.72931,,,147.0
254,206969.0, Fight,710.0,,,,,,,,
255,208706.0, Touch,906.9562,510.00732,39.779663,39.779663,39.779663,39.779663,39.779663,39.779663,151.0
256,209026.0, Drop,71.0,,,,,,,,
257,210993.0, Touch,1371.9177,59.029540000000004,39.830017,39.830017,39.830017,39.830017,,,160.0
258,211764.0, Fight,720.0,,,,,,,,
259,211967.0, Fight,730.0,,,,,,,,
260,212590.0, Fight,740.0,,,,,,,,
261,213389.0, Touch,1106.9513,889.99146,39.88037,39.88037,39.88037,39.88037,,,177.0
262,214115.0, Drop,72.0,,,,,,,,
263,214323.0, Fight,750.0,,,,,,,,
264,216067.0, Touch,1637.9004,911.9751,39.930725,39.930725,39.930725,39.930725,39.930725,39.930725,157.0
265,217721.0, Fight,760.0,,,,,,,,
266,217971.0, Drop,73.0,,,,,,,,
267,218524.0, Touch,1382.8931,434.0039,39.98108,39.98108,39.98108,39.98108,,,234.0
268,218851.0, Fight,770.0,,,,,,,,
269,220254.0, Touch,1523.9465,672.9895,40.031433,40.031433,40.031433,40.031433,40.031433,40.031433,184.0
270,221200.0, Drop,74.0,,,,,,,,
271,221811.0, Touch,365.6231,72.37468,40.081787,40.081787,40.081787,40.081787,40.081787,40.081787,177.0
272,222532.0, Touch,292.94678,142.02026,40.13214,40.13214,40.13214,40.13214,40.13214,40.13214,152.0
273,223317.0, Touch,514.9603,142.02026,40.182495,40.182495,40.182495,40.182495,,,167.0
274,224232.0, Fight,780.0,,,,,,,,
275,225251.0, Touch,1474.8962,72.01538000000001,40.23285,40.23285,40.23285,40.23285,40.23285,40.23285,191.0
276,227449.0, Fight,790.0,,,,,,,,
277,227593.0, Touch,862.9193,431.9934,40.283203,40.283203,40.283203,40.283203,40.28320300000001,40.28320300000001,159.0
278,227703.0, Fight,800.0,,,,,,,,
279,227703.0, Fight,810.0,,,,,,,,
280,229059.0, Touch,1401.9305,828.9844,40.333557,40.333557,40.333557,40.333557,40.333557,40.333557,159.0
281,230016.0, Drop,75.0,,,,,,,,
282,231025.0, Touch,1423.9489999999998,442.01294,40.38391,40.38391,40.38391,40.38391,40.38391000000001,40.38391000000001,168.0
283,231570.0, Drop,76.0,,,,,,,,
284,232709.0, Touch,1322.7822,371.0193,40.434265,40.434265,40.434265,40.434265,40.434264999999996,40.434264999999996,207.0
285,233101.0, Fight,820.0,,,,,,,,
286,234563.0, Touch,1334.8928,891.4746,40.48462,40.48462,40.48462,40.48462,40.48462,40.48462,175.0
287,235481.0, Fight,830.0,,,,,,,,
288,236591.0, Touch,1652.9407,613.00415,40.534973,40.534973,40.534973,40.534973,,,216.0
289,237827.0, Touch,1645.8948,518.01636,40.585327,40.585327,40.585327,40.585327,,,160.0
290,238165.0, Drop,77.0,,,,,,,,
291,238661.0, Drop,78.0,,,,,,,,
292,239015.0, Touch,1155.9338,827.00684,40.63568,40.63568,40.63568,40.63568,40.635679999999994,40.635679999999994,201.0
293,239366.0, Drop,79.0,,,,,,,,
294,240461.0, Touch,1291.9061,217.00195,40.686035,40.686035,40.686035,40.686035,40.686035,40.686035,247.0
295,240889.0, Drop,80.0,,,,,,,,
296,241362.0, Fight,840.0,,,,,,,,
297,241824.0, Touch,1047.9419,454.01,40.73639,40.73639,40.73639,40.73639,40.73639,40.73639,159.0
298,243301.0, Touch,1019.17926,419.99634000000003,40.786743,40.786743,40.786743,40.786743,40.786743,40.786743,192.0
299,243433.0, Drop,81.0,,,,,,,,
300,244239.0, Touch,994.9621599999999,672.9895,40.837097,40.837097,40.837097,40.837097,,,216.0
301,244270.0, Drop,82.0,,,,,,,,
302,245113.0, Touch,935.95276,363.99902000000003,40.88745,40.88745,40.88745,40.88745,,,223.0
303,245114.0, Fight,850.0,,,,,,,,
304,246862.0, Touch,556.9647,534.00146,40.937805,40.937805,40.937805,40.937805,,,175.0
305,248018.0, Drop,83.0,,,,,,,,
306,248739.0, Touch,1192.9248,422.00684,40.98816,40.98816,40.98816,40.98816,,,206.0
307,248897.0, Fight,860.0,,,,,,,,
308,250816.0, Touch,1537.9028,501.00952,41.038513,41.038513,41.038513,41.038513,,,166.0
309,250876.0, Drop,84.0,,,,,,,,
310,251596.0, Fight,870.0,,,,,,,,
311,252041.0, Drop,85.0,,,,,,,,
312,252820.0, Touch,1289.9414,695.9949,41.088867,41.088867,41.088867,41.088867,,,151.0
313,253535.0, Touch,1242.9236,731.9861,41.13922,41.13922,41.13922,41.13922,,,202.0
314,254240.0, Touch,1096.4589999999998,877.9944,41.189575,41.189575,41.189575,41.189575,41.189575,41.189575,159.0
315,255010.0, Touch,991.91345,921.9946,41.23993,41.23993,41.23993,41.23993,,,168.0
316,256230.0, Touch,465.97778,748.9929,41.290283,41.290283,41.290283,41.290283,41.290283,41.290283,168.0
317,257640.0, Fight,880.0,,,,,,,,
318,258716.0, Touch,1718.9282,931.9812,41.340637,41.340637,41.340637,41.340637,41.340637,41.340637,143.0
319,260247.0, Fight,890.0,,,,,,,,
320,261924.0, Touch,913.9343,530.0134,41.39099,41.39099,41.39099,41.39099,41.390989999999995,41.390989999999995,168.0
321,262080.0, Drop,86.0,,,,,,,,
322,263536.0, Touch,540.97595,616.9922,41.441345,41.441345,41.441345,41.441345,41.441345,41.441345,143.0
323,264831.0, Fight,900.0,,,,,,,,
324,265389.0, Touch,336.98364,498.01025,41.4917,41.4917,41.4917,41.4917,41.4917,41.4917,185.0
325,266998.0, Drop,87.0,,,,,,,,
326,268574.0, Touch,1410.9412,259.02466,41.542053,41.542053,41.542053,41.542053,,,160.0
327,268799.0, Drop,88.0,,,,,,,,
328,269296.0, Drop,89.0,,,,,,,,
329,270457.0, Touch,830.9418,495.01099999999997,41.592407,41.592407,41.592407,41.592407,,,159.0
330,270834.0, Drop,90.0,,,,,,,,
331,271773.0, Touch,1179.917,357.01172,41.642759999999996,41.642759999999996,41.642759999999996,41.642759999999996,,,161.0
332,271861.0, Fight,910.0,,,,,,,,
333,273134.0, Touch,924.9096699999999,290.99487,41.693115,41.693115,41.693115,41.693115,41.693115,41.693115,189.0
334,273713.0, Fight,920.0,,,,,,,,
335,274487.0, Touch,1242.9236,313.01147000000003,41.74347,41.74347,41.74347,41.74347,,,175.0
336,274716.0, Fight,930.0,,,,,,,,
337,275212.0, Drop,91.0,,,,,,,,
338,275717.0, Fight,940.0,,,,,,,,
339,275803.0, Touch,1006.95374,507.99683,41.793822999999996,41.793822999999996,41.793822999999996,41.793822999999996,,,191.0
340,277077.0, Touch,862.9193,683.9978,41.844177,41.844177,41.844177,41.844177,,,152.0
341,277357.0, Fight,950.0,,,,,,,,
342,278372.0, Drop,92.0,,,,,,,,
343,278372.0, Fight,960.0,,,,,,,,
344,278372.0, Fight,970.0,,,,,,,,
345,278466.0, Touch,921.9287,389.98717999999997,41.894529999999996,41.894529999999996,41.894529999999996,41.894529999999996,41.894529999999996,41.894529999999996,192.0
346,279015.0, Drop,93.0,,,,,,,,
347,280505.0, Drop,94.0,,,,,,,,
348,280615.0, Touch,1025.9235,604.9951,41.944885,41.944885,41.944885,41.944885,41.944885,41.944885,183.0
349,281626.0, Touch,1645.8948,208.00415,41.99524,41.99524,41.99524,41.99524,41.99524,41.99524,136.0
350,282780.0, Drop,95.0,,,,,,,,
351,282781.0, Fight,980.0,,,,,,,,
352,284031.0, Touch,896.9632,442.01294,42.045593,42.045593,42.045593,42.045593,42.045593,42.045593,191.0
353,284351.0, Fight,990.0,,,,,,,,
354,284570.0, Drop,96.0,,,,,,,,
355,285643.0, Touch,1577.9425,765.9997599999999,42.095946999999995,42.095946999999995,42.095946999999995,42.095946999999995,42.095946999999995,42.095946999999995,151.0
356,286482.0, Fight,1000.0,,,,,,,,
357,286931.0, Drop,97.0,,,,,,,,
358,288149.0, Fight,1010.0,,,,,,,,
359,288164.0, Touch,1019.8417400000001,743.53253,42.1463,42.1463,42.1463,42.1463,42.1463,42.1463,218.0
360,289919.0, Touch,1099.9054,777.9968,42.196655,42.196655,42.196655,42.196655,42.196655,42.196655,207.0
361,290114.0, Drop,98.0,,,,,,,,
362,291371.0, Touch,1306.9464,172.01294,42.247009999999996,42.247009999999996,42.247009999999996,42.247009999999996,,,232.0
363,292189.0, Fight,1020.0,,,,,,,,
364,292967.0, Touch,1421.9165,340.00487999999996,42.297363,42.297363,42.297363,42.297363,,,192.0
365,293367.0, Fight,1030.0,,,,,,,,
366,294595.0, Touch,1157.7681,375.9961,42.347716999999996,42.347716999999996,42.347716999999996,42.347716999999996,42.347716999999996,42.347716999999996,248.0
367,294633.0, Drop,99.0,,,,,,,,
368,295812.0, Touch,775.92957,657.0044,42.398070000000004,42.398070000000004,42.398070000000004,42.398070000000004,,,183.0
369,296037.0, Fight,1040.0,,,,,,,,
370,296037.0, Fight,1050.0,,,,,,,,
371,296630.0, Fight,1060.0,,,,,,,,
372,297515.0, Touch,1142.9260000000002,863.9868,42.448425,42.448425,42.448425,42.448425,,,178.0
373,298066.0, Touch,877.9596,945.9888,42.49878,42.49878,42.49878,42.49878,,,143.0
374,298829.0, Touch,525.96954,877.9944,42.549133000000005,42.549133000000005,42.549133000000005,42.549133000000005,42.549133000000005,42.549133000000005,160.0
375,299832.0, Touch,673.9673,787.9834,42.599486999999996,42.599486999999996,42.599486999999996,42.599486999999996,42.599487,42.599487,185.0
376,300710.0, Drop,100.0,,,,,,,,
377,301010.0, Touch,1179.917,614.9817,42.649840000000005,42.649840000000005,42.649840000000005,42.649840000000005,42.649840000000005,42.649840000000005,151.0
378,301103.0, Fight,1070.0,,,,,,,,
379,302294.0, Touch,1175.9198,854.0002400000001,42.700195,42.700195,42.700195,42.700195,,,159.0
380,302641.0, Fight,1080.0,,,,,,,,
381,303100.0, Drop,101.0,,,,,,,,
382,303100.0, Fight,1090.0,,,,,,,,
383,303706.0, Touch,855.94116,677.99927,42.75055,42.75055,42.75055,42.75055,42.75054999999999,42.75054999999999,166.0
384,303963.0, Drop,102.0,,,,,,,,
385,304501.0, Fight,1100.0,,,,,,,,
386,304642.0, Touch,1064.9469,824.99634,42.800903000000005,42.800903000000005,42.800903000000005,42.800903000000005,,,189.0
387,305647.0, Touch,1443.9349,461.98607999999996,42.851257000000004,42.851257000000004,42.851257000000004,42.851257000000004,42.851257000000004,42.851257000000004,240.0
388,305860.0, Drop,103.0,,,,,,,,
389,306581.0, Drop,104.0,,,,,,,,
390,306662.0, Touch,1274.9011,398.0127,42.90161,42.90161,42.90161,42.90161,42.90161,42.90161,179.0
391,307272.0, Touch,1452.9456,402.9895,42.951965,42.951965,42.951965,42.951965,,,185.0
392,308812.0, Touch,1365.0051,443.99048,43.002320000000005,43.002320000000005,43.002320000000005,43.002320000000005,43.002320000000005,43.002320000000005,199.0
393,310289.0, Touch,1072.9413,669.00146,43.052673,43.052673,43.052673,43.052673,,,171.0
394,310493.0, Drop,105.0,,,,,,,,
395,311643.0, Touch,1019.96155,563.99414,43.103027000000004,43.103027000000004,43.103027000000004,43.103027000000004,43.103027000000004,43.103027000000004,144.0
396,311806.0, Drop,106.0,,,,,,,,
397,313824.0, Touch,651.94885,440.00244000000004,43.15338,43.15338,43.15338,43.15338,,,152.0
398,314762.0, Drop,107.0,,,,,,,,
399,315580.0, Touch,1756.9354,290.99487,43.203734999999995,43.203734999999995,43.203734999999995,43.203734999999995,,,191.0
400,318974.0, Touch,1235.9454,410.99854,43.254090000000005,43.254090000000005,43.254090000000005,43.254090000000005,43.25409,43.25409,160.0
401,319267.0, Drop,108.0,,,,,,,,
402,320570.0, Touch,904.9237,513.0066,43.304443,43.304443,43.304443,43.304443,,,191.0
403,320848.0, Fight,1110.0,,,,,,,,
404,322133.0, Touch,1075.9222,439.01367,43.354797,43.354797,43.354797,43.354797,43.354797,43.354797,201.0
405,323721.0, Touch,989.9487,683.9978,43.40515,43.40515,43.40515,43.40515,43.40515,43.40515,191.0
406,325952.0, Touch,1014.9481,369.0088,43.455505,43.455505,43.455505,43.455505,43.455505,43.455505,175.0
407,326049.0, Drop,109.0,,,,,,,,
408,327194.0, Touch,1733.9008,575.9912,43.50586,43.50586,43.50586,43.50586,,,152.0
409,328117.0, Fight,1120.0,,,,,,,,
410,329037.0, Touch,1074.906,795.00366,43.556213,43.556213,43.556213,43.556213,43.556213,43.556213,191.0
411,329430.0, Fight,1130.0,,,,,,,,
412,330963.0, Touch,1345.9021,403.588,43.606567,43.606567,43.606567,43.606567,43.60656699999999,43.60656699999999,201.0
413,331051.0, Fight,1140.0,,,,,,,,
414,332576.0, Touch,965.9656,839.9927,43.65692,43.65692,43.65692,43.65692,43.65692,43.65692,225.0
415,333026.0, Drop,110.0,,,,,,,,
416,333914.0, Touch,1404.9115,578.0017,43.707275,43.707275,43.707275,43.707275,,,192.0
417,335421.0, Touch,1060.9497,383.01636,43.75763,43.75763,43.75763,43.75763,43.75763,43.75763,199.0
418,335429.0, Fight,1150.0,,,,,,,,
419,337081.0, Touch,1564.9347,46.99951,43.807983,43.807983,43.807983,43.807983,43.80798299999999,43.80798299999999,183.0
420,338450.0, Fight,1160.0,,,,,,,,
421,338839.0, Drop,111.0,,,,,,,,
422,339611.0, Touch,1442.9187,284.00757000000004,43.858337,43.858337,43.858337,43.858337,43.858337,43.858337,245.0
423,339804.0, Fight,1170.0,,,,,,,,
424,341135.0, Touch,1308.9111,634.9878,43.90869,43.90869,43.90869,43.90869,43.90868999999999,43.90868999999999,199.0
425,341205.0, Drop,112.0,,,,,,,,
426,342270.0, Fight,1180.0,,,,,,,,
427,342270.0, Fight,1190.0,,,,,,,,
428,342323.0, Touch,1050.8624,746.9824,43.959045,43.959045,43.959045,43.959045,43.959045,43.959045,217.0
429,342769.0, Fight,1200.0,,,,,,,,
430,344127.0, Touch,870.9137,487.99072,44.0094,44.0094,44.0094,44.0094,44.0094,44.0094,193.0
431,344649.0, Fight,1210.0,,,,,,,,
432,345896.0, Fight,1220.0,,,,,,,,
433,346011.0, Touch,1058.5171,457.00928,44.059753,44.059753,44.059753,44.059753,44.059753,44.059753,152.0
434,347380.0, Touch,1194.9573,189.01978,44.110107,44.110107,44.110107,44.110107,44.110107,44.110107,159.0
435,347943.0, Fight,1230.0,,,,,,,,
436,348857.0, Touch,1426.9299,481.00342,44.16046,44.16046,44.16046,44.16046,44.16046,44.16046,197.0
437,349140.0, Drop,113.0,,,,,,,,
438,350397.0, Touch,845.9143,362.02148,44.210815000000004,44.210815000000004,44.210815000000004,44.210815000000004,,,159.0
439,351007.0, Fight,1240.0,,,,,,,,
440,351233.0, Fight,1250.0,,,,,,,,
441,351560.0, Touch,1074.906,442.01294,44.26117,44.26117,44.26117,44.26117,44.26117,44.26117,207.0
442,351690.0, Fight,1260.0,,,,,,,,
443,352761.0, Drop,114.0,,,,,,,,
444,352762.0, Fight,1270.0,,,,,,,,
445,352772.0, Touch,1203.9001,475.99365,44.311523,44.311523,44.311523,44.311523,44.311523,44.311523,169.0
446,354172.0, Touch,752.96265,898.0005,44.361877,44.361877,44.361877,44.361877,,,165.0
447,355282.0, Drop,115.0,,,,,,,,
448,355504.0, Drop,116.0,,,,,,,,
449,356317.0, Touch,891.9159,257.01416,44.41223,44.41223,44.41223,44.41223,44.41223,44.41223,209.0
450,356931.0, Drop,117.0,,,,,,,,
451,356931.0, Drop,118.0,,,,,,,,
452,357937.0, Touch,813.93677,839.0039,44.462585,44.462585,44.462585,44.462585,44.462585,44.462585,193.0
453,358844.0, Drop,119.0,,,,,,,,
454,358844.0, Fight,1280.0,,,,,,,,
455,359572.0, Touch,995.3962,826.58453,44.51294,44.51294,44.51294,44.51294,44.51294,44.51294,151.0
456,359823.0, Drop,120.0,,,,,,,,
457,360737.0, Drop,121.0,,,,,,,,
458,360766.0, Touch,957.90344,812.99927,44.563293,44.563293,44.563293,44.563293,44.563293,44.563293,183.0
459,360968.0, Drop,122.0,,,,,,,,
460,361444.0, Drop,123.0,,,,,,,,
461,362450.0, Touch,1418.9355,540.0,44.613647,44.613647,44.613647,44.613647,44.613647,44.613647,159.0
462,363017.0, Fight,1290.0,,,,,,,,
463,363902.0, Touch,1359.9261,275.99854,44.663999999999994,44.663999999999994,44.663999999999994,44.663999999999994,44.663999999999994,44.663999999999994,182.0
464,364436.0, Drop,124.0,,,,,,,,
465,365538.0, Touch,811.97205,390.99242999999996,44.714355,44.714355,44.714355,44.714355,44.714355,44.714355,192.0
466,366001.0, Drop,125.0,,,,,,,,
467,366974.0, Touch,1032.3888,716.98975,44.76471,44.76471,44.76471,44.76471,44.76471,44.76471,152.0
468,368498.0, Touch,1239.2891,551.9971,44.815063,44.815063,44.815063,44.815063,44.815063,44.815063,176.0
469,368862.0, Drop,126.0,,,,,,,,
470,369966.0, Touch,1038.9313,730.00854,44.865417,44.865417,44.865417,44.865417,44.865417,44.865417,215.0
471,370314.0, Drop,127.0,,,,,,,,
472,371594.0, Touch,1243.9398,746.9824,44.91577,44.91577,44.91577,44.91577,44.91577,44.91577,215.0
473,372182.0, Drop,128.0,,,,,,,,
474,372954.0, Touch,1255.9314,833.99414,44.966125,44.966125,44.966125,44.966125,,,204.0
475,373513.0, Drop,129.0,,,,,,,,
476,374870.0, Touch,1252.9504,739.00635,45.01648,45.01648,45.01648,45.01648,45.01648,45.01648,176.0
477,375303.0, Drop,130.0,,,,,,,,
478,376186.0, Touch,1459.9237,330.0183,45.066833,45.066833,45.066833,45.066833,45.066833,45.066833,184.0
479,377507.0, Fight,1300.0,,,,,,,,
480,377685.0, Touch,1008.6950699999999,525.00366,45.117188,45.117188,45.117188,45.117188,45.117188,45.117188,223.0
481,378792.0, Touch,1145.1041,169.80789,45.16754,45.16754,45.16754,45.16754,45.16754,45.16754,216.0
482,379398.0, Drop,131.0,,,,,,,,
483,380477.0, Touch,1496.9147,613.23224,45.217896,45.217896,45.217896,45.217896,45.217896,45.217896,177.0
484,380964.0, Drop,132.0,,,,,,,,
485,382090.0, Touch,638.94104,322.00928,45.26825,45.26825,45.26825,45.26825,45.268250000000016,45.268250000000016,258.0
486,383191.0, Fight,1310.0,,,,,,,,
487,384341.0, Touch,1359.9261,49.01001,45.318604,45.318604,45.318604,45.318604,45.318604,45.318604,215.0
488,385350.0, Drop,133.0,,,,,,,,
489,386147.0, Touch,1299.9005,484.0027,45.368958,45.368958,45.368958,45.368958,45.368958000000006,45.368958000000006,185.0
490,386316.0, Fight,1320.0,,,,,,,,
491,387767.0, Touch,390.9796,675.9888,45.419309999999996,45.419309999999996,45.419309999999996,45.419309999999996,45.419309999999996,45.419309999999996,167.0
492,389559.0, Fight,1330.0,,,,,,,,
493,389771.0, Touch,238.9508,855.9778,45.469666,45.469666,45.469666,45.469666,45.469666000000004,45.469666000000004,168.0
494,392136.0, Drop,134.0,,,,,,,,
495,392250.0, Touch,590.97473,746.9824,45.52002,45.52002,45.52002,45.52002,45.52002,45.52002,176.0
496,393299.0, Drop,135.0,,,,,,,,
497,393530.0, Fight,1340.0,,,,,,,,
498,394447.0, Touch,1211.9623,768.9989999999999,45.570374,45.570374,45.570374,45.570374,45.570374,45.570374,191.0
499,394477.0, Fight,1350.0,,,,,,,,
500,394477.0, Fight,1360.0,,,,,,,,
501,396027.0, Touch,1349.8993,403.97827,45.620728,45.620728,45.620728,45.620728,45.62072799999999,45.62072799999999,200.0
502,396150.0, Drop,136.0,,,,,,,,
503,396150.0, Fight,1370.0,,,,,,,,
504,397423.0, Touch,1157.8986,315.02197,45.671079999999996,45.671079999999996,45.671079999999996,45.671079999999996,45.67108,45.67108,168.0
505,397733.0, Drop,137.0,,,,,,,,
506,398857.0, Touch,816.9177,502.98706,45.721436,45.721436,45.721436,45.721436,45.721436,45.721436,159.0
507,398996.0, Drop,138.0,,,,,,,,
508,400468.0, Drop,139.0,,,,,,,,
509,400525.0, Touch,1049.9066,614.9817,45.77179,45.77179,45.77179,45.77179,45.77179,45.77179,183.0
510,401713.0, Touch,1369.953,254.0149,45.822144,45.822144,45.822144,45.822144,45.82214399999999,45.82214399999999,256.0
511,402190.0, Drop,140.0,,,,,,,,
512,403188.0, Touch,852.8935,546.9873,45.872498,45.872498,45.872498,45.872498,45.872498,45.872498,215.0
513,403762.0, Drop,141.0,,,,,,,,
514,404513.0, Touch,1490.3953,171.02417,45.92285,45.92285,45.92285,45.92285,45.92285,45.92285,170.0
515,405000.0, Drop,142.0,,,,,,,,
516,405684.0, Drop,143.0,,,,,,,,
517,406337.0, Touch,1328.8971,645.0073,45.973206,45.973206,45.973206,45.973206,45.973206,45.973206,246.0
518,407750.0, Drop,144.0,,,,,,,,
519,407789.0, Touch,918.94775,561.98364,46.023559999999996,46.023559999999996,46.023559999999996,46.023559999999996,46.02355999999998,46.02355999999998,242.0
520,409649.0, Touch,1801.9208,1059.9774,46.073914,46.073914,46.073914,46.073914,46.073914,46.073914,159.0
521,411789.0, Drop,145.0,,,,,,,,
522,412199.0, Touch,1810.4572,501.00952,46.124268,46.124268,46.124268,46.124268,46.124268,46.124268,185.0
523,414579.0, Drop,146.0,,,,,,,,
524,414717.0, Touch,806.4505,127.023926,46.174620000000004,46.174620000000004,46.174620000000004,46.174620000000004,46.174620000000004,46.174620000000004,193.0
525,414999.0, Drop,147.0,,,,,,,,
526,415637.0, Drop,148.0,,,,,,,,
527,416568.0, Touch,558.92944,243.99536,46.224976,46.224976,46.224976,46.224976,,,168.0
528,417769.0, Fight,1380.0,,,,,,,,
529,417990.0, Drop,149.0,,,,,,,,
530,419118.0, Touch,409.94934,488.02367999999996,46.27533,46.27533,46.27533,46.27533,46.27533,46.27533,135.0
531,420610.0, Touch,534.5497,768.9989999999999,46.325684,46.325684,46.325684,46.325684,46.325684,46.325684,159.0
532,420668.0, Drop,150.0,,,,,,,,
533,421705.0, Drop,151.0,,,,,,,,
534,421915.0, Drop,152.0,,,,,,,,
535,422638.0, Touch,1135.9479,775.9863,46.376038,46.376038,46.376038,46.376038,,,159.0
536,424492.0, Touch,1211.9623,446.98975,46.426390000000005,46.426390000000005,46.426390000000005,46.426390000000005,46.426390000000005,46.426390000000005,154.0
537,424552.0, Fight,1390.0,,,,,,,,
538,425936.0, Touch,428.98682,531.9909700000001,46.476746,46.476746,46.476746,46.476746,46.476746,46.476746,176.0
539,427012.0, Drop,153.0,,,,,,,,
540,427227.0, Fight,1400.0,,,,,,,,
541,428439.0, Touch,1386.8903,135.0,46.5271,46.5271,46.5271,46.5271,46.52710000000001,46.52710000000001,211.0
542,428873.0, Fight,1410.0,,,,,,,,
543,429197.0, Fight,1420.0,,,,,,,,
544,430057.0, Touch,1260.9448,804.99023,46.577453999999996,46.577453999999996,46.577453999999996,46.577453999999996,,,167.0
545,430348.0, Fight,1430.0,,,,,,,,
546,431475.0, Touch,1057.901,933.9917,46.627808,46.627808,46.627808,46.627808,,,151.0
547,432743.0, Touch,1262.9095,928.98193,46.67816,46.67816,46.67816,46.67816,,,183.0
548,433410.0, Drop,154.0,,,,,,,,
549,433410.0, Fight,1440.0,,,,,,,,
550,434371.0, Touch,1318.9379999999999,690.9851,46.728516,46.728516,46.728516,46.728516,,,167.0
551,434703.0, Fight,1450.0,,,,,,,,
552,435935.0, Touch,1532.8894,145.01953,46.77887,46.77887,46.77887,46.77887,46.77886999999999,46.77886999999999,143.0
553,437165.0, Drop,155.0,,,,,,,,
554,437933.0, Touch,1345.9021,1024.9915,46.829223999999996,46.829223999999996,46.829223999999996,46.829223999999996,46.829224,46.829224,177.0
555,438971.0, Drop,156.0,,,,,,,,
556,439263.0, Fight,1460.0,,,,,,,,
557,439870.0, Touch,1691.8964,598.0078,46.879578,46.879578,46.879578,46.879578,,,172.0
558,442539.0, Touch,1365.9558,499.9878,46.92993,46.92993,46.92993,46.92993,46.92993,46.92993,143.0
559,442719.0, Drop,157.0,,,,,,,,
560,443807.0, Touch,1260.9448,767.9773,46.980286,46.980286,46.980286,46.980286,,,136.0
561,445365.0, Touch,851.9101,395.01342999999997,47.030640000000005,47.030640000000005,47.030640000000005,47.030640000000005,47.030640000000005,47.030640000000005,186.0
562,445586.0, Drop,158.0,,,,,,,,
563,445826.0, Drop,159.0,,,,,,,,
564,446725.0, Touch,1490.256,928.98193,47.080994,47.080994,47.080994,47.080994,47.08099399999999,47.08099399999999,167.0
565,448000.0, Fight,1470.0,,,,,,,,
566,448971.0, Touch,416.9275,427.9168,47.131347999999996,47.131347999999996,47.131347999999996,47.131347999999996,47.131347999999996,47.131347999999996,152.0
567,450618.0, Fight,1480.0,,,,,,,,
568,451393.0, Touch,1176.6221,328.24075,47.1817,47.1817,47.1817,47.1817,47.181699999999985,47.181699999999985,200.0
569,452893.0, Touch,974.90845,398.0127,47.232056,47.232056,47.232056,47.232056,,,151.0
570,453018.0, Fight,1490.0,,,,,,,,
571,454594.0, Touch,395.9253,754.0027,47.28241,47.28241,47.28241,47.28241,47.28241,47.28241,199.0
572,456167.0, Fight,1500.0,,,,,,,,
573,456467.0, Fight,1510.0,,,,,,,,
574,457225.0, Touch,797.948,574.0137,47.332764000000005,47.332764000000005,47.332764000000005,47.332764000000005,47.332764000000005,47.332764000000005,192.0
575,457339.0, Drop,160.0,,,,,,,,
576,457339.0, Drop,161.0,,,,,,,,
577,458709.0, Touch,1011.9671599999999,466.00708,47.383117999999996,47.383117999999996,47.383117999999996,47.383117999999996,47.383117999999996,47.383117999999996,171.0
578,458853.0, Drop,162.0,,,,,,,,
579,460033.0, Touch,959.9698,355.99,47.43347,47.43347,47.43347,47.43347,47.43347,47.43347,184.0
580,460190.0, Drop,163.0,,,,,,,,
581,460190.0, Fight,1520.0,,,,,,,,
582,460954.0, Fight,1530.0,,,,,,,,
583,461293.0, Touch,951.7262599999999,488.79694000000006,47.483826,47.483826,47.483826,47.483826,47.483826,47.483826,186.0
584,462398.0, Touch,1162.912,1014.9719,47.53418,47.53418,47.53418,47.53418,47.53418,47.53418,191.0
585,463330.0, Drop,164.0,,,,,,,,
586,463330.0, Drop,165.0,,,,,,,,
587,463538.0, Drop,166.0,,,,,,,,
588,464510.0, Touch,903.4671,751.0034,47.584534000000005,47.584534000000005,47.584534000000005,47.584534000000005,47.584534000000005,47.584534000000005,204.0
589,464519.0, Fight,1540.0,,,,,,,,
590,465782.0, Touch,1652.9407,563.99414,47.634888000000004,47.634888000000004,47.634888000000004,47.634888000000004,47.63488800000001,47.63488800000001,207.0
591,466951.0, Fight,1550.0,,,,,,,,
592,467604.0, Touch,1150.9204,274.02099999999996,47.68524,47.68524,47.68524,47.68524,,,226.0
593,467621.0, Fight,1560.0,,,,,,,,
594,467845.0, Fight,1570.0,,,,,,,,
595,468066.0, Fight,1580.0,,,,,,,,
596,469104.0, Touch,1360.9424,770.97656,47.735596,47.735596,47.735596,47.735596,47.735596,47.735596,217.0
597,469419.0, Drop,167.0,,,,,,,,
598,470339.0, Touch,1340.9564,639.0088,47.78595,47.78595,47.78595,47.78595,47.78594999999999,47.78594999999999,208.0
599,470434.0, Drop,168.0,,,,,,,,
600,471248.0, Drop,169.0,,,,,,,,
601,471316.0, Touch,1213.4189999999999,457.00928,47.836304,47.836304,47.836304,47.836304,47.83630399999999,47.83630399999999,215.0
602,472560.0, Touch,1226.9348,619.99146,47.886658000000004,47.886658000000004,47.886658000000004,47.886658000000004,47.886658000000004,47.886658000000004,191.0
603,472864.0, Drop,170.0,,,,,,,,
604,473904.0, Touch,1864.9274,186.02051,47.93701,47.93701,47.93701,47.93701,,,154.0
605,475838.0, Drop,171.0,,,,,,,,
606,476370.0, Drop,172.0,,,,,,,,
607,476854.0, Touch,1403.8983,249.00512999999998,47.987365999999994,47.987365999999994,47.987365999999994,47.987365999999994,47.987365999999994,47.987365999999994,152.0
608,477415.0, Fight,1590.0,,,,,,,,
609,478314.0, Touch,821.93115,540.0,48.03772,48.03772,48.03772,48.03772,,,208.0
610,478738.0, Drop,173.0,,,,,,,,
611,479318.0, Touch,1228.8995,205.00488,48.088074,48.088074,48.088074,48.088074,48.088074,48.088074,194.0
612,479919.0, Fight,1600.0,,,,,,,,
613,481066.0, Touch,780.943,636.9983,48.138428000000005,48.138428000000005,48.138428000000005,48.138428000000005,48.138428,48.138428,210.0
614,481546.0, Drop,174.0,,,,,,,,
615,482615.0, Touch,840.9686,845.9912,48.18878,48.18878,48.18878,48.18878,48.18878,48.18878,184.0
616,482882.0, Fight,1610.0,,,,,,,,
617,483982.0, Fight,1620.0,,,,,,,,
618,484010.0, Touch,982.9028300000001,461.98607999999996,48.239136,48.239136,48.239136,48.239136,48.239136,48.239136,218.0
619,485340.0, Touch,1165.9607,1048.9856,48.28949,48.28949,48.28949,48.28949,48.28949,48.28949,168.0
620,486518.0, Fight,1630.0,,,,,,,,
621,486656.0, Touch,1211.9623,689.99634,48.339844,48.339844,48.339844,48.339844,,,184.0
622,487673.0, Touch,767.9352,728.9868,48.390198,48.390198,48.390198,48.390198,,,166.0
623,488629.0, Fight,1640.0,,,,,,,,
624,489160.0, Touch,797.948,357.01172,48.44055,48.44055,48.44055,48.44055,48.44055,48.44055,178.0
625,490729.0, Fight,1650.0,,,,,,,,
626,490730.0, Fight,1660.0,,,,,,,,
627,490793.0, Touch,1267.923,498.01025,48.490906,48.490906,48.490906,48.490906,,,183.0
628,492111.0, Touch,516.45294,714.97925,48.54126,48.54126,48.54126,48.54126,48.54126,48.54126,209.0
629,493214.0, Fight,1670.0,,,,,,,,
630,494187.0, Touch,874.9109,342.01538,48.591614,48.591614,48.591614,48.591614,48.591614,48.591614,175.0
631,494584.0, Fight,1680.0,,,,,,,,
632,495497.0, Touch,1542.7389,270.8433,48.641968,48.641968,48.641968,48.641968,48.641968,48.641968,169.0
633,495896.0, Fight,1690.0,,,,,,,,
634,496740.0, Fight,1700.0,,,,,,,,
635,497709.0, Touch,1293.9386,643.9856,48.69232,48.69232,48.69232,48.69232,,,191.0
636,497956.0, Drop,175.0,,,,,,,,
637,498895.0, Touch,1228.8995,54.019775,48.742676,48.742676,48.742676,48.742676,48.74267600000001,48.74267600000001,264.0
638,500091.0, Touch,1028.9044,171.97137,48.79303,48.79303,48.79303,48.79303,48.793029999999995,48.793029999999995,223.0
639,500484.0, Fight,1710.0,,,,,,,,
640,501551.0, Touch,1136.9641,354.01245,48.843384,48.843384,48.843384,48.843384,48.84338400000001,48.84338400000001,240.0
641,501554.0, Fight,1720.0,,,,,,,,
642,502854.0, Fight,1730.0,,,,,,,,
643,502867.0, Touch,1247.937,667.97974,48.893738,48.893738,48.893738,48.893738,48.893738,48.893738,192.0
644,504620.0, Touch,492.9419,275.52063,48.94409,48.94409,48.94409,48.94409,48.94409,48.94409,165.0
645,505204.0, Drop,176.0,,,,,,,,
646,505949.0, Fight,1740.0,,,,,,,,
647,506926.0, Touch,819.96643,413.00903,48.994446,48.994446,48.994446,48.994446,48.994446,48.994446,157.0
648,507364.0, Fight,1750.0,,,,,,,,
649,508604.0, Touch,2076.9139999999998,460.9973,49.0448,49.0448,49.0448,49.0448,49.0448,49.0448,166.0
650,510819.0, Drop,177.0,,,,,,,,
651,511249.0, Drop,178.0,,,,,,,,
652,512222.0, Touch,1289.9414,902.9773,49.095154,49.095154,49.095154,49.095154,49.095154,49.095154,199.0
653,513902.0, Drop,179.0,,,,,,,,
654,513902.0, Drop,180.0,,,,,,,,
655,514106.0, Touch,992.9297,587.9883,49.145508,49.145508,49.145508,49.145508,,,255.0
656,515271.0, Touch,1428.8947,601.0071,49.195859999999996,49.195859999999996,49.195859999999996,49.195859999999996,49.19585999999999,49.19585999999999,199.0
657,515550.0, Fight,1760.0,,,,,,,,
658,516018.0, Drop,181.0,,,,,,,,
659,516818.0, Touch,1303.8977,598.0078,49.246216,49.246216,49.246216,49.246216,,,207.0
660,516945.0, Fight,1770.0,,,,,,,,
661,517476.0, Touch,1383.8562,559.4653,49.29657,49.29657,49.29657,49.29657,49.29657,49.29657,199.0
662,517665.0, Fight,1780.0,,,,,,,,
663,518169.0, Fight,1790.0,,,,,,,,
664,518268.0, Touch,1308.9111,443.99048,49.346924,49.346924,49.346924,49.346924,49.346924,49.346924,197.0
665,519100.0, Fight,1800.0,,,,,,,,
666,519217.0, Touch,1013.9319,358.98926,49.397278,49.397278,49.397278,49.397278,49.397278,49.397278,232.0
667,519920.0, Fight,1810.0,,,,,,,,
668,520130.0, Touch,945.9118699999999,430.01587,49.44763,49.44763,49.44763,49.44763,49.44763,49.44763,215.0
669,521020.0, Touch,1019.96155,783.99536,49.497986,49.497986,49.497986,49.497986,49.49798599999999,49.49798599999999,199.0
670,521118.0, Fight,1820.0,,,,,,,,
671,522280.0, Touch,1438.9215,443.99048,49.54834,49.54834,49.54834,49.54834,49.54834,49.54834,183.0
672,522964.0, Drop,182.0,,,,,,,,
673,523444.0, Touch,1216.9080000000001,189.01978,49.598694,49.598694,49.598694,49.598694,,,184.0
674,523996.0, Fight,1830.0,,,,,,,,
675,524982.0, Touch,1559.9213,755.9802,49.649048,49.649048,49.649048,49.649048,49.649048,49.649048,144.0
676,525920.0, Drop,183.0,,,,,,,,
677,525920.0, Fight,1840.0,,,,,,,,
678,526578.0, Touch,1420.9003,440.00244000000004,49.6994,49.6994,49.6994,49.6994,49.6994,49.6994,182.0
679,526838.0, Drop,184.0,,,,,,,,
680,527044.0, Drop,185.0,,,,,,,,
681,527044.0, Drop,186.0,,,,,,,,
682,527044.0, Fight,1850.0,,,,,,,,
683,528062.0, Touch,1089.9463,352.00195,49.749756,49.749756,49.749756,49.749756,49.749756000000005,49.749756000000005,216.0
684,529131.0, Drop,187.0,,,,,,,,
685,529202.0, Touch,1214.9432,666.0022,49.80011,49.80011,49.80011,49.80011,,,160.0
686,530492.0, Touch,996.9269,972.9822,49.850464,49.850464,49.850464,49.850464,49.850463999999995,49.850463999999995,167.0
687,531534.0, Fight,1860.0,,,,,,,,
688,532185.0, Touch,908.9209,525.00366,49.900818,49.900818,49.900818,49.900818,49.90081800000001,49.90081800000001,193.0
689,532539.0, Drop,188.0,,,,,,,,
690,533436.0, Touch,1133.9154,899.9780000000001,49.95117,49.95117,49.95117,49.95117,,,176.0
691,534251.0, Drop,189.0,,,,,,,,
692,534251.0, Fight,1870.0,,,,,,,,
693,535298.0, Touch,997.9431,298.01514,50.001526,50.001526,50.001526,50.001526,50.001526,50.001526,178.0
694,535797.0, Drop,190.0,,,,,,,,
695,536692.0, Touch,797.948,945.9888,50.05188,50.05188,50.05188,50.05188,50.05187999999999,50.05187999999999,216.0
696,537310.0, Fight,1880.0,,,,,,,,
697,538160.0, Touch,1260.9448,827.1146,50.102234,50.102234,50.102234,50.102234,50.102234,50.102234,199.0
698,538716.0, Fight,1890.0,,,,,,,,
699,539432.0, Touch,1410.9412,519.3558,50.152588,50.152588,50.152588,50.152588,50.152587999999994,50.152587999999994,199.0
700,540710.0, Touch,975.9247,419.99634000000003,50.202940000000005,50.202940000000005,50.202940000000005,50.202940000000005,50.202940000000005,50.202940000000005,220.0
701,540711.0, Fight,1900.0,,,,,,,,
702,542311.0, Touch,1488.4121,968.99414,50.253296,50.253296,50.253296,50.253296,50.253295999999985,50.253295999999985,256.0
703,543307.0, Drop,191.0,,,,,,,,
704,544364.0, Touch,317.94617,643.9856,50.30365,50.30365,50.30365,50.30365,50.30365,50.30365,240.0
705,545385.0, Touch,458.9319,554.00757,50.354003999999996,50.354003999999996,50.354003999999996,50.354003999999996,50.35400399999999,50.35400399999999,179.0
706,546785.0, Drop,192.0,,,,,,,,
707,547587.0, Touch,641.98975,481.00342,50.404358,50.404358,50.404358,50.404358,50.404358,50.404358,215.0
708,548105.0, Fight,1910.0,,,,,,,,
709,549611.0, Touch,1319.9479999999999,211.00342,50.454712,50.454712,50.454712,50.454712,50.45471200000001,50.45471200000001,248.0
710,550432.0, Drop,193.0,,,,,,,,
711,551260.0, Fight,1920.0,,,,,,,,
712,551285.0, Touch,1306.9464,405.98877000000005,50.505066,50.505066,50.505066,50.505066,50.505066,50.505066,191.0
713,551796.0, Drop,194.0,,,,,,,,
714,553409.0, Touch,852.9602,339.0161,50.55542,50.55542,50.55542,50.55542,,,126.0
715,553901.0, Drop,195.0,,,,,,,,
716,555063.0, Touch,943.94714,761.97876,50.605774,50.605774,50.605774,50.605774,50.605774,50.605774,152.0
717,555601.0, Drop,196.0,,,,,,,,
718,557059.0, Touch,772.9486,1004.98535,50.656128,50.656128,50.656128,50.656128,,,135.0
719,558432.0, Drop,197.0,,,,,,,,
720,559482.0, Touch,499.92004000000003,560.9949,50.706482,50.706482,50.706482,50.706482,50.706482,50.706482,153.0
721,560632.0, Drop,198.0,,,,,,,,
722,561766.0, Fight,1930.0,,,,,,,,
723,561823.0, Touch,1023.95874,566.9934,50.756836,50.756836,50.756836,50.756836,50.756836,50.756836,160.0
724,562832.0, Fight,1940.0,,,,,,,,
725,562970.0, Touch,1223.9539,416.99707,50.807190000000006,50.807190000000006,50.807190000000006,50.807190000000006,50.80719000000001,50.80719000000001,159.0
726,563868.0, Touch,1287.9089,574.0137,50.857544,50.857544,50.857544,50.857544,50.857544,50.857544,175.0
727,563939.0, Fight,1950.0,,,,,,,,
728,564887.0, Touch,1106.9513,271.02173,50.907897999999996,50.907897999999996,50.907897999999996,50.907897999999996,50.907897999999996,50.907897999999996,176.0
729,565159.0, Fight,1960.0,,,,,,,,
730,565640.0, Fight,1970.0,,,,,,,,
731,565753.0, Touch,1187.9114,281.0083,50.958252,50.958252,50.958252,50.958252,50.958252,50.958252,142.0
732,566444.0, Drop,199.0,,,,,,,,
733,566602.0, Touch,1247.937,496.01624000000004,51.008606,51.008606,51.008606,51.008606,51.008606,51.008606,175.0
734,567509.0, Touch,1209.9298,410.00977,51.05896,51.05896,51.05896,51.05896,51.05896,51.05896,184.0
735,567529.0, Fight,1980.0,,,,,,,,
736,569260.0, Touch,1172.9388,445.0122,51.109314000000005,51.109314000000005,51.109314000000005,51.109314000000005,51.109314,51.109314,183.0
737,569296.0, Fight,1990.0,,,,,,,,
738,570288.0, Fight,2000.0,,,,,,,,
739,570456.0, Touch,1189.9438,434.0039,51.159667999999996,51.159667999999996,51.159667999999996,51.159667999999996,,,191.0
740,571725.0, Touch,260.96924,817.9761,51.210021999999995,51.210021999999995,51.210021999999995,51.210021999999995,51.210021999999995,51.210021999999995,176.0
741,573656.0, Fight,2010.0,,,,,,,,
742,573882.0, Drop,200.0,,,,,,,,
743,574514.0, Touch,1157.8986,402.9895,51.260376,51.260376,51.260376,51.260376,,,192.0
744,574899.0, Drop,201.0,,,,,,,,
745,576419.0, Fight,2020.0,,,,,,,,
746,576512.0, Touch,1259.9286,604.7874,51.31073,51.31073,51.31073,51.31073,51.31073,51.31073,151.0
747,577722.0, Touch,747.9831,343.99292,51.361084000000005,51.361084000000005,51.361084000000005,51.361084000000005,51.361084000000005,51.361084000000005,168.0
748,578789.0, Drop,202.0,,,,,,,,
749,579135.0, Touch,1355.9289999999999,383.01636,51.411438000000004,51.411438000000004,51.411438000000004,51.411438000000004,51.411438,51.411438,200.0
750,579220.0, Drop,203.0,,,,,,,,
751,579438.0, Fight,2030.0,,,,,,,,
752,579903.0, Fight,2040.0,,,,,,,,
753,580634.0, Touch,1009.9347,439.01367,51.461791999999996,51.461791999999996,51.461791999999996,51.461791999999996,51.46179199999998,51.46179199999998,247.0
754,581065.0, Fight,2050.0,,,,,,,,
755,582210.0, Drop,204.0,,,,,,,,
756,582213.0, Touch,1308.4031,561.98364,51.512146,51.512146,51.512146,51.512146,51.512146000000016,51.512146000000016,191.0
757,582855.0, Drop,205.0,,,,,,,,
758,583834.0, Touch,1163.8479,667.97974,51.5625,51.5625,51.5625,51.5625,51.5625,51.5625,224.0
759,584037.0, Drop,206.0,,,,,,,,
760,584037.0, Fight,2060.0,,,,,,,,
761,585174.0, Touch,1254.9152,190.99731,51.612854,51.612854,51.612854,51.612854,51.612854,51.612854,215.0
762,585603.0, Fight,2070.0,,,,,,,,
763,585603.0, Fight,2080.0,,,,,,,,
764,586426.0, Touch,1220.9052,834.9829,51.663208000000004,51.663208000000004,51.663208000000004,51.663208000000004,,,282.0
765,587447.0, Fight,2090.0,,,,,,,,
766,587491.0, Touch,1026.9397,723.9935,51.713561999999996,51.713561999999996,51.713561999999996,51.713561999999996,51.713561999999996,51.713561999999996,181.0
767,590361.0, Touch,2181.925,728.9868,51.763915999999995,51.763915999999995,51.763915999999995,51.763915999999995,,,175.0
768,593001.0, Fight,2100.0,,,,,,,,
769,594139.0, Touch,901.94275,319.99877999999995,51.81427,51.81427,51.81427,51.81427,,,160.0
770,594629.0, Fight,2110.0,,,,,,,,
771,595463.0, Touch,1053.9038,457.00928,51.864624,51.864624,51.864624,51.864624,51.864624,51.864624,150.0
772,595533.0, Drop,207.0,,,,,,,,
773,596569.0, Touch,818.9502,413.00903,51.914978000000005,51.914978000000005,51.914978000000005,51.914978000000005,51.91497800000001,51.91497800000001,181.0
774,597251.0, Touch,792.9346,399.99023,51.965332000000004,51.965332000000004,51.965332000000004,51.965332000000004,,,205.0
775,597274.0, Drop,208.0,,,,,,,,
776,597504.0, Drop,209.0,,,,,,,,
777,597981.0, Touch,688.90594,416.99707,52.015685999999995,52.015685999999995,52.015685999999995,52.015685999999995,52.015685999999995,52.015685999999995,191.0
778,598450.0, Drop,210.0,,,,,,,,
779,599388.0, Touch,1605.9229,416.99707,52.06604,52.06604,52.06604,52.06604,52.066039999999994,52.066039999999994,202.0
780,600692.0, Fight,2120.0,,,,,,,,
781,600885.0, Touch,1566.8994,427.0166,52.116394,52.116394,52.116394,52.116394,52.116394,52.116394,199.0
782,600900.0, Fight,2130.0,,,,,,,,
783,601502.0, Drop,211.0,,,,,,,,
784,601502.0, Fight,2140.0,,,,,,,,
785,602302.0, Touch,1728.8873,595.9973,52.166748,52.166748,52.166748,52.166748,,,185.0
786,602701.0, Drop,212.0,,,,,,,,
787,603140.0, Drop,213.0,,,,,,,,
788,603325.0, Touch,1754.9029999999998,736.99585,52.217102000000004,52.217102000000004,52.217102000000004,52.217102000000004,52.217102000000004,52.217102000000004,197.0
789,603820.0, Fight,2150.0,,,,,,,,
790,604274.0, Touch,1800.9045,451.9995,52.267456,52.267456,52.267456,52.267456,52.267456,52.267456,177.0
791,605725.0, Touch,1433.9081,889.99146,52.317809999999994,52.317809999999994,52.317809999999994,52.317809999999994,,,207.0
792,606222.0, Fight,2160.0,,,,,,,,
793,606638.0, Fight,2170.0,,,,,,,,
794,606674.0, Touch,1038.9313,687.98584,52.368164,52.368164,52.368164,52.368164,,,185.0
795,607843.0, Touch,958.9197,839.9927,52.418518,52.418518,52.418518,52.418518,52.418518,52.418518,208.0
796,608160.0, Fight,2180.0,,,,,,,,
797,608670.0, Touch,963.967,868.9966,52.468872,52.468872,52.468872,52.468872,52.468872,52.468872,200.0
798,608806.0, Drop,214.0,,,,,,,,
799,608806.0, Fight,2190.0,,,,,,,,
800,609953.0, Drop,215.0,,,,,,,,
801,609953.0, Fight,2200.0,,,,,,,,
802,610047.0, Touch,2183.8896,69.01611,52.519226,52.519226,52.519226,52.519226,,,182.0
